n_harmonics,base_freq,magnitudes_0,magnitudes_1,magnitudes_2,phases_0,phases_1,phases_2,instruments_0,instruments_1,instruments_2
1,2.9711266220647348,-1.1342126635774132,0,0,2.877897732174167,0,0,sin,,
x,y
-4.984255354316184,-0.6510248191174243
-4.907077098529883,-0.8536538063903889
-4.89398016947683,-0.8689190020068608
-4.871552910432718,-0.9339738233632321
-4.849638510089446,-0.9933230858163093
-4.842712353917459,-0.9659331699221629
-4.840429682040252,-0.9870080857093262
-4.815179009379094,-1.0327520238956829
-4.808942582311477,-1.0279825041522361
-4.8077087810075,-1.0332998693374156
-4.801379056344207,-1.0442567296434275
-4.794094765139275,-1.0686787728984914
-4.790251004938114,-1.0671483766336816
-4.75916504411196,-1.0978972625578804
-4.738843876538505,-1.1072019011196463
-4.7278937276620825,-1.1279741211092493
-4.725174481972765,-1.1268520580007264
-4.722581505890661,-1.138380910903956
-4.700000402992403,-1.13078084339139
-4.698732242934841,-1.144263353492775
-4.684408497102854,-1.107096230553862
-4.675889900010271,-1.13166101276854
-4.6684951083748825,-1.1319856930074883
-4.657549664935842,-1.125781833792477
-4.631984655337247,-1.1303689491814335
-4.629825826973727,-1.1258721141672463
-4.629350235457346,-1.1328483723762757
-4.607637677652927,-1.1275127015636028
-4.576342430483943,-1.0906171077103508
-4.569921800807002,-1.0891266542298084
-4.569117815653287,-1.0871128061633029
-4.5690195450300894,-1.0752147306052393
-4.5669638999582505,-1.070050033441254
-4.5547886899085634,-1.0826450546519093
-4.531386848970036,-1.0260291673766846
-4.528637388572198,-1.0491067457986765
-4.520620757330798,-1.013215614106707
-4.501799047547487,-0.9962305370567776
-4.499760056208604,-0.9989515561753817
-4.4976765327612025,-1.0028709829970044
-4.489639981339578,-0.9742599249843383
-4.477158320662703,-0.9584155991116391
-4.475113529840455,-0.9418528965693196
-4.454819459566183,-0.8914329001043308
-4.4347278634214256,-0.868845653961177
-4.433483070663884,-0.8650504428441704
-4.392054020604324,-0.782722384816096
-4.383652501828901,-0.7404793088072157
-4.3367247032139336,-0.6265859403697728
-4.28670297212514,-0.46204042242490445
-4.283927433801433,-0.45622328393909484
-4.283902655392026,-0.4727834718370839
-4.283842052372791,-0.4746369606223068
-4.264255709756838,-0.4011196917142979
-4.2530032951972565,-0.3654497507713478
-4.236729568074036,-0.31448203923318063
-4.220665085474675,-0.27872289464433875
-4.218578884857088,-0.2700975002068953
-4.214290690092674,-0.25304085278558947
-4.207988735494488,-0.2250851463829989
-4.202460161271874,-0.20193703836833565
-4.193503114865905,-0.1684463140024667
-4.177324376527748,-0.13795533623476489
-4.17657346726172,-0.12015959125878928
-4.171018226795331,-0.12397115844507597
-4.155743182007096,-0.04890731274907206
-4.1496329784777055,-0.018772273712332765
-4.14639532713924,-0.018120968409326275
-4.13995076898897,0.01987682566790427
-4.1233938174435645,0.05759057099244908
-4.107118559571,0.11728163881381698
-4.099170096145651,0.14675847052207802
-4.097988615325869,0.1314624634244426
-4.092882110557853,0.1688274174169786
-4.086420522642468,0.18426177087945317
-4.079169290266918,0.21082858764089304
-4.066896344198224,0.26677052129395856
-4.066099220123513,0.2458024116817377
-4.065530889528457,0.2501750395822192
-4.064563217972017,0.2768408157712278
-4.058617202792712,0.2696459013631217
-4.057957035386888,0.2725989393464739
-4.050520912175266,0.3021761855957713
-4.0487924391178955,0.31327982404411653
-4.007582777140088,0.4252912764630578
-4.00189216205996,0.4553273541676558
-3.9978200424026102,0.4812375959109383
-3.9930948497380605,0.47817363954783
-3.9714142793100162,0.533559609669793
-3.9514078978709266,0.5930716225518659
-3.9458153158157927,0.6081031488522263
-3.937132396338203,0.6462771345319442
-3.935725323414805,0.6755156999417133
-3.9018939817987364,0.7421830028819073
-3.89702024575754,0.7339808983951499
-3.8952984341550967,0.7515280726726178
-3.878458382145947,0.7826265625382455
-3.876956189174118,0.792416797503118
-3.8684413716753365,0.8226836039879838
-3.866379393703644,0.8238165136429891
-3.8569274855358673,0.8353518044181812
-3.8541324807719834,0.8547390421557263
-3.848062422253815,0.8590551113573792
-3.8417732970941487,0.8845248236862794
-3.8217013294537336,0.9398400812336382
-3.8187243304588336,0.9095705540313578
-3.7956308453278065,0.9723718316325484
-3.7932828274133437,0.97410835200017
-3.7882966466063097,0.9758143782002683
-3.774015012486122,1.0117779055798324
-3.7619956239866656,1.0306743553865585
-3.706160505595235,1.0872945914913046
-3.695821368982637,1.0933727612915696
-3.6926216895770714,1.09684988158747
-3.6767688556151423,1.1095877561512477
-3.673443367635165,1.125882800741996
-3.6700897300378186,1.1034217896274425
-3.663256110914208,1.1168118423358404
-3.661627106718993,1.1173613539075373
-3.652526106635899,1.123996643386544
-3.6506301347441794,1.1320059651580037
-3.6348987953346645,1.1078632112445164
-3.630659003543216,1.1254413545693451
-3.619557812894568,1.142829470111926
-3.615681383758831,1.1404860910553234
-3.6080927377064875,1.139782998721338
-3.6038787853646714,1.1202935729061485
-3.5890753220682834,1.1419828572276574
-3.5889117993576525,1.1311995653743827
-3.5888703497324603,1.144046593354487
-3.5888364178070242,1.1314515943898253
-3.5768768396185924,1.1300038758147108
-3.5513061439062135,1.1212004632349872
-3.547689078598232,1.1071201515842486
-3.5387712846674635,1.1238282503647319
-3.527983321576097,1.0917591846188015
-3.5143036332748325,1.0964503444801263
-3.5022087109318765,1.0662166842629386
-3.501112442066229,1.0723621582953742
-3.4926039114553586,1.064785038169401
-3.473046882218177,1.0578580473060597
-3.4702578642476043,1.0360504794500676
-3.4692457884713024,1.0554404478174795
-3.4653921743133442,1.0367932658093095
-3.445890157793876,1.002819502495331
-3.4412910671521066,0.9944631630820959
-3.433925135285741,0.9931840636046959
-3.4310829863497116,0.9636653108543632
-3.4260870155407264,0.965534015605995
-3.4258900896469724,0.9603828005568198
-3.417174737693276,0.9432673385182608
-3.4135538343658958,0.9463703326929724
-3.4121121175862754,0.9387359612057931
-3.398618669194635,0.9175180622760777
-3.39711850285802,0.9087577413443368
-3.3855592513675004,0.8887303014765942
-3.3768456646685605,0.896478392869947
-3.3756762716327025,0.8796538578516067
-3.373837074557539,0.8675582505647351
-3.34365906957933,0.7948429312209039
-3.3311802841119387,0.7568402602392736
-3.3228604353009983,0.7266823103623891
-3.3224737305835825,0.7439548241866114
-3.3176240180283054,0.7252673317448276
-3.3137695191174785,0.7212748467943704
-3.305007292049452,0.6888436303709571
-3.28724330386812,0.6484239612247027
-3.2832065121127707,0.6252114631674305
-3.274533201805754,0.6051200786817382
-3.2692200319051103,0.5972085740172871
-3.2572964099623403,0.5524873040015896
-3.229950805520483,0.4765960384139919
-3.2268707975899114,0.4695764358738171
-3.2260403734015486,0.46658767080039926
-3.2224222379563585,0.4679608328954164
-3.2090136281021153,0.4091646360695368
-3.203043402206711,0.3903745055235493
-3.1974090433881885,0.3718829066856195
-3.1870365649649535,0.3419606112579362
-3.142557035054775,0.20304997667861832
-3.141967039025133,0.19331786848379656
-3.1401478127618243,0.19443375872777674
-3.138474503261971,0.17878081152748934
-3.1352533506092684,0.16796314742505392
-3.1284133068082776,0.1498862008641163
-3.1138531386453385,0.08791059405718285
-3.084439799424541,-0.014998806796056557
-3.045072662088537,-0.12389293916874888
-3.0395807500902103,-0.14328116774003777
-3.033799657326818,-0.1690589376254628
-3.0222711251605427,-0.2231216709414593
-3.0182391780524642,-0.2272926261495774
-3.0123091096152246,-0.23442846479033594
-3.00156753678654,-0.27571425609992084
-2.995116215118243,-0.29862378163292763
-2.991894838782312,-0.3163823226096134
-2.9829202200506524,-0.34933315411985416
-2.9780094492956932,-0.3584868523568979
-2.971803470341803,-0.35705632168575885
-2.9680976887260115,-0.3879813812064732
-2.9628388607960012,-0.3847919296501683
-2.9610083454387413,-0.40733310420093594
-2.9573274664286897,-0.4234040972998759
-2.9567581135797996,-0.4233815653317638
-2.9497588457529753,-0.44552337883429605
-2.9363916935491408,-0.4767484857195707
-2.9024707782312777,-0.5662862818179488
-2.8941336693055852,-0.5954883672676354
-2.8921512461456333,-0.6100060165876797
-2.8907556678516153,-0.6224666056748872
-2.8891495586668583,-0.6291242860626364
-2.8759960932432813,-0.6678494235373406
-2.841673471615087,-0.7514478101455185
-2.8318415447263376,-0.770809867126419
-2.8276282073039303,-0.8009404307021883
-2.815312413586477,-0.7950628221734334
-2.8112893277427444,-0.820143222188663
-2.800566381165086,-0.834472785968564
-2.7947092258253123,-0.8503310517923514
-2.792203783228496,-0.8789611307317677
-2.7780037572692775,-0.885419668350391
-2.7693785078681286,-0.9095173264472282
-2.7676705577828775,-0.921903251898089
-2.7546476717881085,-0.9499731415811385
-2.7380310432523816,-0.9634833681267249
-2.7283317853290843,-0.984064574051218
-2.728189996213264,-0.9923046033541725
-2.7244761214645674,-0.9820766102529468
-2.708717165846247,-0.9962448710432765
-2.701035779950478,-1.0267693917054588
-2.689397639464798,-1.0338024182976189
-2.656467071560459,-1.0843573993397977
-2.6320047464915586,-1.109956253816402
-2.6283608671590297,-1.0885260857418608
-2.6155491284306196,-1.1291608472410577
-2.5990702603619598,-1.1345447235487038
-2.5772801996939765,-1.1474675497987552
-2.5652585142370765,-1.1496478620257882
-2.5617213131733143,-1.137342137398961
-2.555312502582827,-1.1290740756340563
-2.551986854638486,-1.142281132023559
-2.545747246188881,-1.1337188286795048
-2.5438505963818936,-1.1386060405704346
-2.536627178116321,-1.135231829827899
-2.534066975329919,-1.1270981997794594
-2.5300228480287954,-1.139070176925115
-2.51653124609448,-1.1317350682978324
-2.513095955445671,-1.1212830952365715
-2.4890763202540898,-1.107720088997733
-2.480943774570626,-1.1016274299760018
-2.463219766171807,-1.0848242607583964
-2.458994196223432,-1.100694100131749
-2.4539201408859226,-1.0739070001621966
-2.4451274214503105,-1.080704086684149
-2.4366012473404366,-1.0795918215998126
-2.435715752461054,-1.0600186039704809
-2.4275741225067105,-1.0591334959253869
-2.4266101194487444,-1.065625054352006
-2.4145257558229263,-1.0327304114362996
-2.386304674496542,-0.9963792566508666
-2.371776029062983,-0.9846214303094869
-2.358060171428696,-0.9298883920307466
-2.3578818811166435,-0.95597638363554
-2.354157665538695,-0.9423346796081473
-2.3496210360396432,-0.9355148549393465
-2.326824607021046,-0.8809755398200209
-2.306293267722752,-0.8471204356524606
-2.28406817086619,-0.8004085728565944
-2.2720791167110557,-0.7810293517412212
-2.251612294558123,-0.7108041841845373
-2.2450724891831078,-0.6794616613110799
-2.2351006739055834,-0.6519232408705156
-2.233334588814626,-0.657721588225084
-2.2303188574108965,-0.6345114701307201
-2.22643255036831,-0.6277696009214846
-2.2119269033044597,-0.5841312214710435
-2.2091637832571545,-0.5980453518724528
-2.207200968910593,-0.5959153897348753
-2.190606097024479,-0.5173725344103189
-2.1853253245283666,-0.5219666807739018
-2.182041999619414,-0.5017965685831847
-2.180370676080593,-0.49073139684172606
-2.1714820724183213,-0.4713314848381014
-2.1641240338584087,-0.4543256001351167
-2.15774406512102,-0.4473655695102467
-2.1438541782191556,-0.3906593454827426
-2.110801184630251,-0.28633948350786204
-2.08998832110976,-0.21383036114827847
-2.0774151605015523,-0.1639168870370834
-2.0766546115961884,-0.15840023051838203
-2.0674324624744433,-0.14708569334069183
-2.0603712165664714,-0.11784534088153131
-2.0537755500723343,-0.09624889040888161
-2.0478999549092682,-0.07277530249724713
-2.04333120719843,-0.06984751696632042
-2.0404519132285026,-0.04090658930015901
-2.0372697187711397,-0.03411965855140496
-2.033943577907541,-0.020204726808277812
-2.0326817902361203,-0.02519455566032843
-2.021780991191936,0.00935465966607629
-2.0152582177899667,0.02093347240376609
-2.0090403051981154,0.06890075570233425
-2.003793531743022,0.08679529946441318
-1.9984166986710439,0.08496610277463497
-1.9975312902882503,0.08440765438141701
-1.9923872959490208,0.12519681834639731
-1.9773628271130583,0.18714411614600765
-1.97591361292903,0.17762007091526874
-1.9642177299063759,0.19759855716208963
-1.953642343370464,0.23629711971930864
-1.945731741102236,0.26243852079076524
-1.9441141360218426,0.2665394283314029
-1.9294771267548274,0.31046595662301946
-1.8817271138169667,0.47404446782942056
-1.8590284346162447,0.531463337850907
-1.841924167743354,0.6049164994318805
-1.841325882405147,0.6025893474085169
-1.8362450395457506,0.6162400648585616
-1.8329615632573795,0.6346483664654066
-1.8116048869638615,0.6685886961410117
-1.8115608515664294,0.670064627015048
-1.8094932746819294,0.6606524474287063
-1.7666506874906238,0.7729119797384706
-1.7284833663741117,0.8885260763405546
-1.7222329325928163,0.8979420810563413
-1.7183071937182004,0.9004320729823531
-1.7090104115139537,0.9000651398781486
-1.7043264510673772,0.9172195776657583
-1.7021330995334285,0.9379483401907734
-1.7020325532064753,0.9171652321048512
-1.6779522978756747,0.97747248781085
-1.6608376004304115,1.0128954408749045
-1.6365175388939912,1.054866383821441
-1.6269893775594104,1.0337201806103165
-1.5721243435646146,1.1116784453635036
-1.5693075812518087,1.112835293791322
-1.559613097019442,1.105261942408802
-1.5530604451670973,1.0859583119257048
-1.5416726316364624,1.1304792747117391
-1.5388879205349335,1.1233941846012214
-1.5284385565266834,1.1011678180930233
-1.5240698646557007,1.127573541615641
-1.501232113236238,1.1304665750825313
-1.4998276485445028,1.141173503669097
-1.4985296565445436,1.1278706669972587
-1.4957419903707683,1.124230970747501
-1.4734117142752199,1.126800654733627
-1.472830598058982,1.1320513254750986
-1.4599230472963622,1.1380371356606227
-1.4597830794292168,1.1407281476632212
-1.4589696818183837,1.1185518650951818
-1.4526771074538116,1.1254326880018812
-1.451928491823761,1.1315345701842914
-1.4484087231707088,1.1101713707075362
-1.4409167080960392,1.1151555633443617
-1.4286123574528098,1.120413343598444
-1.427327160633908,1.1080416815775347
-1.4259618350883208,1.107416114573336
-1.408827985942759,1.0909885753420479
-1.4082942234500284,1.0986581973532996
-1.4064155962314784,1.0823021493909657
-1.405200767983609,1.100515491813262
-1.400247309871594,1.0980061530936458
-1.3811279640072192,1.0729765225267003
-1.3580036238854785,1.0394061510551804
-1.348200112649376,1.031304379212783
-1.3326248765822557,0.9923522141166464
-1.3129875799273982,0.9744922478400248
-1.296666780324205,0.9326951143400534
-1.2954500121006052,0.9328408732048868
-1.2942081425107999,0.926295576903417
-1.2915028132292017,0.9245864519591473
-1.284557719869861,0.9290156453813391
-1.284507059401645,0.9112523035633705
-1.2827222125092383,0.9222607485079534
-1.270098135876463,0.8912667799583394
-1.268654703517317,0.8939869843881932
-1.2644094833830568,0.8830925385664555
-1.263943048173204,0.8682570860724773
-1.2392336269833892,0.8294768178059907
-1.2230726036654849,0.7958213998239455
-1.2198044624401039,0.7765854801292111
-1.137108972821924,0.5462664086554982
-1.1309428034543476,0.5106667311378873
-1.130240179005778,0.5345112521216594
-1.1190466239192256,0.4836484006015487
-1.1141497532080455,0.4836184740608375
-1.0961989971439512,0.41964352401542804
-1.090114141257498,0.3908424994529131
-1.0773973516014657,0.35279746391259703
-1.0563413288723353,0.2942044564746746
-1.0513793706658117,0.27943098846216236
-1.0380488797681755,0.24030698748753307
-1.0267158792434739,0.19957240810350171
-1.0133230331790388,0.16059921333502747
-1.0095355891728017,0.12638466788948502
-1.0089673136875188,0.12569768210399648
-1.0054650267603682,0.12221996326168019
-0.9965311139180413,0.09802216914763467
-0.979785569336519,0.036903078807002825
-0.9648281448265532,-0.02170706316621847
-0.9641432008006658,-0.005592415637666968
-0.9608570009755946,-0.025927947699196888
-0.9601732844128197,-0.02644942120501031
-0.9406206731420843,-0.08640280932128505
-0.9305986986742614,-0.13648664384874085
-0.9231490784105043,-0.15821327513466
-0.9049170486580227,-0.2230710655464994
-0.9030790184464852,-0.21958694650868316
-0.9003298535489899,-0.22075969031736933
-0.8993232195237955,-0.249997154103232
-0.8911989830243963,-0.26534298087863023
-0.8782492542877254,-0.2850078408612335
-0.8718439513958192,-0.3317149492011602
-0.8591552607227806,-0.3745724335217642
-0.8580811023605506,-0.36053481867416604
-0.8472113118175448,-0.39347123211879725
-0.8453735571577141,-0.39775778154920083
-0.8402325616503061,-0.4287204480022957
-0.8199247088417172,-0.48788646278987274
-0.819526318208891,-0.4953491597758102
-0.8135382176416055,-0.5154918740402843
-0.7681502554862156,-0.613166927651935
-0.7548335609237347,-0.6616812685300073
-0.7521208077915764,-0.6616121278492857
-0.7416419401204095,-0.7097932489623705
-0.735435360483514,-0.7182626587591983
-0.7298732649190729,-0.7424080151494287
-0.7266577183220226,-0.7516274989472672
-0.711803054275844,-0.7938014364520662
-0.7089887784967139,-0.7755456201938278
-0.699909253874079,-0.8080220792043386
-0.6994305418954383,-0.8200900115958876
-0.6726264611391111,-0.8947674591457032
-0.6659522887655687,-0.8908607720516215
-0.6536690920152761,-0.9065162707357142
-0.647484832979961,-0.9232678010351612
-0.6353277024970083,-0.9425006692412888
-0.6271720652465573,-0.9402541897973906
-0.6177125177311105,-0.9794924540472898
-0.6176889870498083,-0.98637814166653
-0.6121474454508116,-1.0009791538960842
-0.6112826158558882,-0.978070607733445
-0.6028841952481283,-1.0119886729675707
-0.5984840795315822,-1.0037870406098586
-0.5889951009345138,-1.0203051360820434
-0.5853061104021284,-1.0364059417382923
-0.5807261663058139,-1.05857572605546
-0.5706357729123246,-1.05208450458578
-0.5591716677386778,-1.0559529588485228
-0.5583411486119694,-1.0564327934893323
-0.5415457642397126,-1.0798820400585343
-0.538925708118235,-1.0998132491531432
-0.5320224452631503,-1.0982905355192545
-0.5216464083973404,-1.0965322971084437
-0.5190274258918546,-1.1131965161885007
-0.5169869776868987,-1.1019813759853774
-0.5144318367387966,-1.0889563902387716
-0.5001778688470173,-1.1074177480293856
-0.4897550689840511,-1.136671910894884
-0.48426035095432596,-1.1161680916153545
-0.47703541836822705,-1.1427553022946055
-0.4609130127808303,-1.14241703138362
-0.45412574008575923,-1.1222759175712265
-0.4462984297315584,-1.1232862153837517
-0.4329229543597215,-1.1246453740201734
-0.43265498879781283,-1.1450566690516355
-0.43019532707191477,-1.1551900600765337
-0.42687635788433287,-1.136614560894774
-0.4238422554162131,-1.1394105119126665
-0.4165876974157081,-1.1292480446689228
-0.41149054018087217,-1.1459565887030176
-0.4051907084966855,-1.1358558698698336
-0.401875872072031,-1.1329640120637563
-0.3951763399799466,-1.1116482441139148
-0.38876807041024364,-1.129951503333691
-0.3651440397690173,-1.107348649105497
-0.34423561428502314,-1.0839263728114088
-0.34371297016615454,-1.0955005441296308
-0.3375789104753899,-1.0911930146029307
-0.33755639533865267,-1.095463536114836
-0.3307109214728623,-1.068744850119899
-0.31801688524762817,-1.0716999290260754
-0.31731120242417177,-1.0680347083870252
-0.3115216278133186,-1.0416256340823031
-0.30302469176228275,-1.050473232163527
-0.30267055243172436,-1.0507667606320596
-0.3018362588206669,-1.033306277555014
-0.2985152168108911,-1.0473385041621996
-0.2751627744774048,-1.0038242618120374
-0.272157409045386,-0.9978711653890269
-0.26657571263338653,-1.0054302190556728
-0.26346242699697875,-0.971623775587505
-0.2616410597420691,-0.9836669689881791
-0.26047882106060705,-0.968643778298248
-0.2599338315306525,-0.9848342876308167
-0.25951919349879926,-0.9681228048317434
-0.2521668616585,-0.9585857974063595
-0.23959948466373682,-0.9288470102958101
-0.23908810733419106,-0.9311565633875226
-0.2276087194311769,-0.8984054778815865
-0.21622177542557175,-0.8974163168577559
-0.20031011819306777,-0.8725387479699546
-0.1879598746793132,-0.8505009651834889
-0.18774539843116855,-0.8275257386144131
-0.1769172255693805,-0.7857418855780206
-0.17387946862422332,-0.8075505996223197
-0.1711282103199352,-0.7880843594669354
-0.15654597216336086,-0.781677905418866
-0.13961892040052692,-0.6849562619316651
-0.12816569474399575,-0.6779475334414443
-0.12592977693446272,-0.6833697890441262
-0.10466412614794685,-0.6133382912661386
-0.08940566785446791,-0.5637191607406802
-0.08893021721091987,-0.5763223942573237
-0.08181519904940426,-0.5604867034961889
-0.06871051874460576,-0.5121093604959767
-0.0467314013287492,-0.4467307348595047
-0.03770417542969717,-0.42461998294065717
-0.008337878670401366,-0.32822384238438584
-0.006124474087531695,-0.3058362796185224
-0.0004991773947873313,-0.275790507780816
0.0026611398687776955,-0.2952306518964381
0.029297284289323322,-0.20547203151423404
0.03379116614621758,-0.16823550225737346
0.03691851287485726,-0.17802512455953212
0.04696386904059757,-0.139468689754111
0.05940985758695305,-0.0975891149984369
0.0618331162296748,-0.07171406505907782
0.07339462460306567,-0.05585435916091008
0.07645920282439622,-0.043017303414226556
0.08098886482914658,-0.03156215958152808
0.0812226245771841,-0.04505778170025583
0.10331756338158549,0.04381815754382667
0.12166694203907191,0.10675088413263827
0.13742597515815902,0.173231022493608
0.1448590102272913,0.2004793239168376
0.15652162685211835,0.22147503129082272
0.1636494098381025,0.23252398096552251
0.16456576356260477,0.2606038226481592
0.19129975954830591,0.32957794466639084
0.19218965700999036,0.3418154293256002
0.22206754411755814,0.43701653170079907
0.2251110550481652,0.43900542860008157
0.24206329566995777,0.4949279969981328
0.2585612365780534,0.5377938546572499
0.26157465249223577,0.5589391360565085
0.2812275670907747,0.6096819380229714
0.30850987798065965,0.6747841977873128
0.30868657020191037,0.686252452345294
0.3108615869233162,0.7058207504045532
0.3146990279847781,0.7175715100995693
0.32481622362260865,0.738926928094418
0.3530846403391754,0.8048433907525503
0.3672508784243469,0.8441227961134847
0.3690594945905632,0.8445899625412753
0.3697537533188253,0.8456457012628287
0.3822389162940727,0.8740436637538371
0.3839564892342686,0.8589354108021711
0.39695192472323004,0.9019540160543456
0.39928383042232696,0.9082799956465434
0.40084646756647224,0.896022749349679
0.4109149866152606,0.9417220889939624
0.41204663481248627,0.9105972922033692
0.41408486947956646,0.9581603448485223
0.4202381879416164,0.9333742960278232
0.4324162118860997,0.953973332711769
0.4333852740372022,0.9879398228226841
0.4584113512633179,1.0050373041946512
0.46509685628735653,1.0216811984596657
0.47496773890437183,1.0308116452331946
0.4866502434923268,1.0526916855411255
0.5052680607143456,1.068123286202557
0.5366684483777888,1.1134208257040465
0.5493420790789845,1.1173097136410144
0.5717184440481216,1.1178333621563972
0.5898930782734313,1.1265722374490414
0.6072725564141992,1.1348490072200768
0.60758441624741,1.1420836652130362
0.607936302824279,1.1319340194382201
0.6189408671518715,1.148314745307726
0.6213363149989011,1.1189439103016736
0.6255403341121744,1.1438546753083272
0.6353186319730302,1.1266356077599133
0.6423640751183672,1.1341557358936787
0.6469856247386252,1.126851488353056
0.6649751649278048,1.1176115658123698
0.6964954231319442,1.104103848075305
0.7163600601607971,1.1026874898326333
0.7177777223528832,1.093050886870024
0.7186008484843889,1.0752306042206818
0.7562603491488353,1.0479977950822144
0.7791925067490375,1.0067822045102703
0.7972353422781184,0.9992120494895347
0.8016449466278752,0.9753717900699148
0.812289756228707,0.9625844041700637
0.8388486462657685,0.9054521206463592
0.8462652428683732,0.8788977428246929
0.8512259357061378,0.8771072387859176
0.8665062648098747,0.8358891970671506
0.8730352101965373,0.8282322653649213
0.8942127871050962,0.7611747554675511
0.9000092920942553,0.7526222022500233
0.9148703328526375,0.7261226920219814
0.9543218474600206,0.6193592820782812
0.9884155250662463,0.5048710959006292
0.9916860732539989,0.4922850407012734
1.0067417575510351,0.46267826207647866
1.0125904932656589,0.4352443797788947
1.0172228743932976,0.44465736295318636
1.0378372877526045,0.3661528597234027
1.039150262608036,0.37068271010375364
1.0568852469839038,0.30258866804056345
1.0618503545604066,0.29018908651794445
1.0862234354719211,0.20503237432355728
1.091161452127377,0.1804585215452032
1.0968240738031803,0.16757245067901375
1.0989200755242488,0.17342245797918032
1.1119426219171622,0.12337997402607648
1.13423366514772,0.04439526700374438
1.1431645129956411,0.01566808387364422
1.1445422691883058,0.020503388190737975
1.1537403787007605,-0.012430040991009392
1.1685642281062947,-0.07076167237670147
1.1721814191872992,-0.08260042192622488
1.1754373386405366,-0.0921493671096251
1.1804764106094234,-0.11893407308281036
1.1844785568692693,-0.10701009323151478
1.1954562296216746,-0.16805794740975424
1.1980723263500384,-0.1698472218996351
1.2012075003723774,-0.1971675302723755
1.2168543402324525,-0.22807881022628584
1.23480053928089,-0.2982519177752969
1.2652296824487426,-0.3910162923484697
1.3000487576782955,-0.5053671317556248
1.3134967463508556,-0.5453169039730267
1.3187795477892337,-0.5389022172151983
1.3326918147230629,-0.5997166862005759
1.3396012769691668,-0.621098319562252
1.3519387669318386,-0.6549402816437095
1.3898240767726486,-0.75290059679902
1.4091974716417957,-0.7941346015366842
1.4103752166223185,-0.8029454956751253
1.419234575186369,-0.8419218763059773
1.4235195407754109,-0.8325979486343557
1.425060440209693,-0.8319908989616995
1.4314579943587669,-0.8391298638379578
1.4347103553994813,-0.8414257801257669
1.4378425764499125,-0.8565926991652963
1.4496040748307788,-0.9144999061676937
1.4761604888064914,-0.9618235093592227
1.4802728528889872,-0.93878469006022
1.4805947877137733,-0.9766222720104829
1.4862950756432367,-0.9543957734518489
1.4888008079600246,-0.9621974473322744
1.5016590551089166,-0.995022141986589
1.5076791605604667,-0.9874685240357088
1.5152818594034487,-1.0164221926688863
1.5419077021811542,-1.0434985089490054
1.5602333582789099,-1.0920880829644124
1.5618017271718196,-1.075971892109169
1.567392538308301,-1.0723287727547335
1.611916883098333,-1.0962516518748489
1.6134995131932905,-1.1250835516686533
1.6166306058714497,-1.106859131364596
1.629725448061878,-1.1303411775336336
1.643143301041139,-1.138147779269206
1.6452637080305692,-1.134249132478484
1.6460779467412436,-1.1314853282264803
1.6568996208676356,-1.1306322167536214
1.6586514388332843,-1.1264814113692476
1.6602703856256582,-1.1457706440169317
1.6626782165886587,-1.1234118537406155
1.6723544765045704,-1.1178981578473872
1.6929046589237275,-1.121486786303488
1.693118687463083,-1.1235295495218212
1.6954652131770676,-1.13967694735963
1.696244392686049,-1.1412641231094467
1.7017186757183866,-1.117635698798126
1.7323054829162157,-1.1260771927308295
1.7337374603569877,-1.1369085676975486
1.7352516772980415,-1.1110295195648732
1.7393352485374747,-1.1093110540358222
1.7435140636876136,-1.123912538580062
1.7532469313770127,-1.095628031798673
1.7610818548224758,-1.1096576792901185
1.7700244270696155,-1.0834745349568191
1.7815583015871788,-1.0656967769924273
1.7933644177316221,-1.053566223532406
1.8134446633273518,-1.0371620240769979
1.8269041887600315,-1.0098496471397596
1.846645733210491,-0.9834597438114433
1.8503143356488785,-0.9989316172180281
1.8556700374134225,-0.9873061292948212
1.8930232264771423,-0.8798845536899478
1.8930328465635071,-0.9122407494071398
1.8977373803699713,-0.8905633638931929
1.8988959143837603,-0.876014268017817
1.9061544559334154,-0.8747809076210021
1.9062108379887555,-0.8687606305280231
1.9084549130838333,-0.8652145894410811
1.9175276241334664,-0.842532780337251
1.9391359531653807,-0.7946720789215638
1.9686482878554399,-0.7254286963131528
1.969591636977385,-0.7235956930966398
1.9724789600345378,-0.7234272913914518
1.9773072972231613,-0.710253303740198
1.9875187090101951,-0.6994786035163579
1.9956804907015782,-0.6699434813288998
1.9964657973147357,-0.6537279819868214
2.0081069056292398,-0.6153870128784996
2.010980161695973,-0.5938907735184571
2.017053492537011,-0.5839693508736192
2.0262991766333007,-0.5854157899126349
2.0373552903217664,-0.5276575925694523
2.0500544102575713,-0.47975245911846687
2.0780348089256186,-0.4003666313519433
2.1075935304359668,-0.3126852387059465
2.127666337947897,-0.24051243174225131
2.1346440215717424,-0.23155627696711914
2.154426921219141,-0.1700023602814991
2.1696704212201734,-0.12204952624507792
2.1703665103183356,-0.10130823193439996
2.1764106954404516,-0.06759055335639122
2.178247956340832,-0.09600738230456914
2.185502702405108,-0.05225587105843776
2.1861235387908344,-0.055489843825938606
2.1901793175896938,-0.03711247802437622
2.1957136262524477,-0.036949022041963514
2.2216043929576577,0.0384111233594404
2.22871561031374,0.0899989622600735
2.2317811265000813,0.07712574342937933
2.2317827793686904,0.09460502712434972
2.2385865228598467,0.10470394590955556
2.2427642123427276,0.12696967664535252
2.2605600928723675,0.18472554179122863
2.261851669624095,0.19633209006248398
2.2623473006125527,0.1828350313157388
2.2810054456998508,0.25738505603544576
2.2854693017371,0.2764936278182433
2.287901843792353,0.29478205594404333
2.2908950264941446,0.2885994907517219
2.293894139691867,0.299867593410478
2.2982208844903393,0.30029310743559917
2.3166196785036552,0.37599859208164754
2.34979235720557,0.46542868466173387
2.354384392994784,0.5101321642125013
2.357574864599523,0.5082209205438495
2.3604306159527058,0.5173646332856561
2.372599480116806,0.5355011461587528
2.3764787961882874,0.5300429914805167
2.3831540285227817,0.5760713123784011
2.3835766305532573,0.5869997835756436
2.389265133194046,0.5806944157905688
2.403274628551518,0.635679147688531
2.4086569052673408,0.655098869164538
2.415203599113269,0.6682013268234884
2.436853401736723,0.7340261532899521
2.4403426762693012,0.738913568716635
2.443330245619868,0.7531498255147954
2.4468670176352614,0.7526597843385219
2.455371629934758,0.766743934437385
2.468859765601474,0.804218382251309
2.4886437794878438,0.8377606133772997
2.49122690568619,0.8659997731223926
2.511335205041042,0.9058625277574984
2.528788736304369,0.9340859780374232
2.530261288769415,0.9446145740462009
2.553120028145531,0.96602308366743
2.586664809235385,1.0468213505341708
2.598609347671429,1.0393077619708986
2.6132936998658716,1.0569206876028447
2.628705713554589,1.085410070914412
2.629784443785036,1.0772997855892033
2.639720421566274,1.067839532511885
2.642132315146676,1.110311182311344
2.648704960594256,1.096868409069638
2.671203354860209,1.1215573612618503
2.6998767067888565,1.1330579236820046
2.70531679017153,1.1320323275921613
2.741513832173066,1.1364008109767316
2.758411042875273,1.1276784344999216
2.8123734817241983,1.0829454032137584
2.819898447302762,1.0957871872466287
2.829393490801623,1.1031528943480624
2.8622186596798196,1.047571567995888
2.8713613574122343,1.037288634918395
2.880609098103923,1.033351089254581
2.88873607708328,1.0175203273874878
2.903342583938456,1.0046482547660571
2.905955827870307,0.9957777779788067
2.923714348638958,0.9634539931476057
2.933598991058039,0.9323282743117153
2.9436016784006727,0.9147269329329072
2.9565305949362655,0.9001389642964618
2.9665081404830627,0.8714381328724854
2.981386976961371,0.8467678739380127
2.986610596160376,0.822875674440366
3.003612476302674,0.7715091745410942
3.004247517991484,0.793611165889195
3.0265455393415976,0.7210051100429271
3.0295813388268424,0.7298543408779486
3.030038792536317,0.7097039049013782
3.0542385205744864,0.6677241547639399
3.0588197321474357,0.6350942278701834
3.0719555152390523,0.6133882468130263
3.0747315105032715,0.5960718220424364
3.087020100140979,0.5699763993502102
3.097762915134423,0.5258192267801671
3.1110027035384853,0.5005686797938265
3.120179616064094,0.470711871256542
3.132239608932851,0.42190333362959276
3.1372628100916664,0.42547981808234486
3.1608595317448103,0.3402941507529137
3.1719182279915685,0.30603079303230296
3.1853578295501332,0.25153181398433594
3.2099598918899126,0.1644044345326469
3.224037030418211,0.1260073193198762
3.2311427020247425,0.07513510511872315
3.234797244652288,0.08223737598991472
3.243929614122319,0.06505071253657717
3.256227797052846,0.01922514140625687
3.263318893468556,-0.002278613778371118
3.2637400071786224,-0.0008726286784054051
3.2690537362125376,-0.02204743345469804
3.2788050465529928,-0.04935683727957034
3.2876756932337923,-0.07411419809766556
3.2877406875620743,-0.09312701108920957
3.288178540669273,-0.09971295499704978
3.3352407436772484,-0.25570921337025937
3.3417248857325212,-0.26883186689051564
3.3423508133889044,-0.2824993790577895
3.343767037369469,-0.2764644973348471
3.3477924577013667,-0.29750712464400275
3.3493716490856986,-0.29192104400322755
3.349756840232768,-0.3024085388275416
3.4116543179991723,-0.49293742582266664
3.4216102970832445,-0.5157658900534055
3.428711471942403,-0.5289102205964745
3.4339994447353916,-0.5597350618832346
3.4383834300331237,-0.5735465168486095
3.441021356908861,-0.5615285099709776
3.4481774136364667,-0.6058512348510182
3.450158725967558,-0.5955463221094369
3.456612998381898,-0.6116490901599685
3.46489546006487,-0.6364346275326922
3.4738041817585703,-0.6755050090936203
3.474976697851119,-0.6784005809765019
3.4758187189411416,-0.6792995828125936
3.488601073773367,-0.6892536386998448
3.491170214780727,-0.7177545266046583
3.494470305256703,-0.7264348840787073
3.522005071778139,-0.7933378611386172
3.5295575849375833,-0.8226840833758394
3.5338359983617362,-0.8217613417348807
3.5537887720595496,-0.88105073381726
3.5560957815491196,-0.875345019435341
3.5561047772352197,-0.8696759683160755
3.564447091183281,-0.8813040355037205
3.566312802427884,-0.900283958984477
3.5678514236493886,-0.9139421576969556
3.5684683652865345,-0.8937996925933236
3.5787100052958714,-0.9155446333822539
3.586873216759095,-0.9468844816260589
3.5920261995109453,-0.949764776595682
3.6013957543984905,-0.9466787253066359
3.6209231942791735,-0.9842718925098581
3.6266512713695054,-1.0207118369597927
3.6371156247585343,-1.021556307015783
3.652240783270111,-1.0162060218449371
3.6716010565028974,-1.073748542375757
3.690470860932079,-1.077374207290396
3.7017833723377276,-1.0908308442063985
3.7061588450832677,-1.0996908694048269
3.714000917143821,-1.0987880872877676
3.7321335656788595,-1.124363557091951
3.758433981083746,-1.1439415835452538
3.760875093701131,-1.1345601947975896
3.770391354718962,-1.1281362072831473
3.7793867820888067,-1.137582019076366
3.785278363578689,-1.138864102860162
3.7877552354324617,-1.1205757568911923
3.7978329261322905,-1.1255442523660062
3.802861883755906,-1.1213813477311552
3.8070940405664313,-1.142612124151961
3.812519752320119,-1.1228749446029607
3.8277854728111755,-1.1450895071641092
3.8340975642407535,-1.1265380880858715
3.844704831289265,-1.1282945587335305
3.845390890622058,-1.1292430571587164
3.8643716511951816,-1.104248588996408
3.865784669524624,-1.1109470174300717
3.868890273243368,-1.1126716955280351
3.8884370897873595,-1.096045358777998
3.8978417377010075,-1.0805288986906951
3.9075734840027305,-1.076266314485999
3.9144672859310585,-1.0592139098281412
3.916237994765911,-1.056247000867561
3.916242706961805,-1.0512550983758648
3.917829463346651,-1.0657562575544035
3.921257671389837,-1.063151642611398
3.927969026738795,-1.0144755685025284
3.9328594221998507,-1.0191470331280659
3.9346933592132203,-1.0250060156988006
3.9409084441401827,-0.9987778526374619
3.944102118852017,-1.017441839867972
3.953706059481764,-1.0014093272632738
3.955848353656579,-0.9976376122637685
3.9591453467212183,-1.0052438117205842
3.972009346238604,-0.9793877544348399
3.9745339747792894,-0.973272331728308
3.984727638259706,-0.9421052858865404
3.9890112179590655,-0.937747823211513
4.0249004535415,-0.8742117056483902
4.030694703663475,-0.8522479422168809
4.0310788285231105,-0.8399363739166334
4.056325189736878,-0.7966131196542272
4.062310074931544,-0.7756046498787406
4.067619279877583,-0.764916133607624
4.0924182046757025,-0.6927426716779671
4.101332428638932,-0.6899935541594754
4.110669257332773,-0.6662236490105754
4.111395629188314,-0.667200071734056
4.172787390706848,-0.4935535540468343
4.177593866306287,-0.4738796209436272
4.179926834971701,-0.45939102415370475
4.19224760172869,-0.40330127829141865
4.200732829002593,-0.3828408104206054
4.21480624575446,-0.35174813978316977
4.234629564853821,-0.2881572397185044
4.2411368664735,-0.26156699037659753
4.2518696825605495,-0.23219391821982205
4.285388504874284,-0.10807351946159093
4.317584321276527,-0.008763869956398955
4.336336398241112,0.06661327953771345
4.3434574374793,0.08975210915828552
4.350702103456193,0.09552462088531011
4.356232596392321,0.13831400002967748
4.356338844126631,0.12701413177595763
4.3915383647113195,0.24592840261495003
4.402331963756813,0.2885078342358817
4.406011960695512,0.2925577963508807
4.412342202784291,0.3108220531994784
4.4512509700855425,0.4246494766452054
4.452457885435281,0.43602558189215374
4.4546902287397145,0.4402041736182943
4.455219004714436,0.45403901655046025
4.460531307511571,0.48475729077848706
4.473413239807156,0.4892873788556213
4.480525093398381,0.5314728761412983
4.488726038199012,0.5412902165685832
4.506421587269285,0.6004465053558653
4.508782662880849,0.5992450140115126
4.527649848789359,0.6608611203785776
4.534144401892679,0.6928785748908354
4.562874038753652,0.759314269594929
4.58371578588544,0.786804246269646
4.585242761638762,0.8265350805765347
4.609162877876868,0.8570441971007354
4.626276905111494,0.9091181706990167
4.6366045652632835,0.9059885922210736
4.63996441038611,0.9321437656469015
4.651573101311239,0.9318908498833689
4.6547900781227405,0.9559969585571796
4.655389770607359,0.9546960098048525
4.656610383125823,0.9644841244229209
4.665054036145289,0.9728753198255484
4.67970526878233,0.9960286915031639
4.697486654582692,1.0313988824604692
4.705618850582468,1.0334441244653898
4.707383553870535,1.0471430789402774
4.736150593592246,1.075671376422047
4.742348273783847,1.0799698671152036
4.746825482885775,1.083122529051471
4.7489827333798935,1.0883009997561464
4.768887870041672,1.104422397694486
4.782740372958516,1.1091888253084667
4.784527944204097,1.1107981566501417
4.790961303934122,1.1128667051528311
4.7923155238579636,1.1010853926298818
4.802774250758114,1.1306649363662162
4.803744275401655,1.1340373036209053
4.807107924307889,1.1350539834221554
4.81174059645905,1.1179331298463768
4.816191976867678,1.133143826086701
4.819597694511547,1.1303241281141667
4.833906863347607,1.1497395661988152
4.8512132608019805,1.144451306849517
4.860184405492156,1.1213222982319053
4.864992626780513,1.1296555459245825
4.892214673307402,1.1127090085497757
4.916438351308679,1.0880172598288211
4.937994825858995,1.0786757668150915
4.944688626918289,1.0861312923094213
4.9498372697614546,1.0778115991676112
4.971978381796074,1.0519872021084713
4.975563418530179,1.0464029773103267
4.980985201648526,1.0435661640245233
4.994821495264578,1.0320126262524807
4.997477213257348,1.0335208862320149
