n_harmonics,base_freq,magnitudes_0,magnitudes_1,magnitudes_2,phases_0,phases_1,phases_2,instruments_0,instruments_1,instruments_2
2,2.3918689390313537,-0.9165999297871966,0.9011625783413939,0,5.791617737957011,2.2312944745195886,0,sin,sin,
x,y
-4.97919634505708,-0.49119346443552175
-4.946494420575642,-0.6892969031940903
-4.921979424132109,-0.8427050332384571
-4.895344251776878,-0.9783632585946731
-4.880887538001959,-1.0483860943895622
-4.868287368625387,-1.107073940369071
-4.855539114385773,-1.1588844478905518
-4.8349206489536165,-1.2612098924486348
-4.801146342297397,-1.3687569958680266
-4.75794017065839,-1.4682903256161641
-4.7511654027807,-1.519835342213928
-4.738046238044731,-1.5298834584982668
-4.737015760368788,-1.5074514572267073
-4.734456968774779,-1.5080525775842109
-4.702517963598828,-1.5694232862244066
-4.687260567751106,-1.584775782878935
-4.675475813542635,-1.5801089731662274
-4.654180286982669,-1.5677437605415496
-4.65361324834919,-1.5936431018499655
-4.638051844302796,-1.562019345547282
-4.635453204027224,-1.5783723867434076
-4.6228347931727365,-1.5472124606607243
-4.60900982173336,-1.528742850425251
-4.608826052537279,-1.5234778763056671
-4.606938600955975,-1.529004827322352
-4.605890191819344,-1.534406071328567
-4.604303931356205,-1.5363208866394498
-4.5883103810331685,-1.503710975565128
-4.580802072162942,-1.493339958379822
-4.578331413195072,-1.4782562387273182
-4.57760461873778,-1.4751490657888946
-4.575202134409677,-1.461621412884906
-4.523431704478206,-1.36935742903946
-4.49918368303944,-1.2793202847252012
-4.49794295243798,-1.266733827623067
-4.472599388343321,-1.1680680233695715
-4.463365022309713,-1.1466362841403692
-4.434854205705358,-1.029695472915589
-4.408977876666875,-0.9272217850813833
-4.391124443854855,-0.8621125515825468
-4.372210266913463,-0.766581221174875
-4.372120267039986,-0.7712377644294939
-4.370517170508188,-0.7672222453448682
-4.367455327318255,-0.7396351723580081
-4.357485372969238,-0.7009235549700117
-4.35351378453524,-0.6735761022097825
-4.34734741586908,-0.6675398164578263
-4.331773490140475,-0.5909885078733031
-4.326298176865185,-0.5861150377638784
-4.324224252844786,-0.5507526871434818
-4.3066921328960825,-0.47582181453625294
-4.303672733734484,-0.45476203171757484
-4.301144803028835,-0.46492692330581026
-4.300315515853374,-0.4763011429944807
-4.299258964660342,-0.43171322696284053
-4.298435874465265,-0.4333510445187102
-4.274959856265895,-0.3453325237735465
-4.274675057237539,-0.34377648225215673
-4.263302166709969,-0.30211417378843297
-4.247982620390643,-0.2473120399142017
-4.246713142798907,-0.2326186001726753
-4.232799783498502,-0.1814768858787848
-4.2246256882986994,-0.14576116820153273
-4.203245439736376,-0.06693836544917975
-4.200693168168592,-0.07076266250481772
-4.197019358570269,-0.05617586503690233
-4.19567753539416,-0.05537301662910473
-4.186988827503696,-0.03708580718090383
-4.18349590970286,-0.004865549651854588
-4.169373817123337,0.017765207466080984
-4.1560142340002235,0.06939701583049777
-4.153440744031107,0.06242393573890254
-4.149156212417486,0.08175370593418571
-4.139054338301042,0.1176147079154465
-4.109593225071722,0.18293883590774676
-4.108726877164804,0.1781624080542165
-4.108068134987109,0.1565901316953382
-4.089966096425529,0.21272267221013955
-4.088736538693127,0.2122397103892892
-4.085691321664537,0.21706997160116487
-4.066326157494503,0.25605741704225876
-4.036484112990255,0.2756806341139598
-4.028290486485018,0.28980256544412136
-4.018070639905266,0.28723054950414095
-3.9821728977020685,0.2833470923914084
-3.980763422284145,0.3027966814916636
-3.9650301805457056,0.30488115553858086
-3.956405802504377,0.297880532298919
-3.9500882756181745,0.275477282262771
-3.9435844702603884,0.2779828406204958
-3.9362190917043707,0.2909345027623448
-3.912868092393762,0.2531873134509594
-3.888035769481969,0.20896402750719983
-3.862677707241197,0.20238163404955356
-3.8591231292367842,0.19866640688133408
-3.8273537547192795,0.13305653769961726
-3.813945087797399,0.08812688179069497
-3.8112069965077033,0.09370009543987044
-3.788033271666581,0.05131272205838456
-3.7876992985541955,0.03911532760904452
-3.7842001116652133,0.05486917339197951
-3.766471502282145,0.013084274791669464
-3.765764229891422,0.011649685153687823
-3.7621530666529077,-0.011418411815802039
-3.75733221164392,-0.0038461919424552654
-3.7147983476810253,-0.11672520540270086
-3.712519551537948,-0.09723253270507878
-3.7085473803593096,-0.11871252525349578
-3.6985069587699924,-0.14163817098936038
-3.6978000862954064,-0.1382648605130242
-3.650748223497634,-0.2319293992180395
-3.636645713816673,-0.24108406283573883
-3.623756238938427,-0.27483818457596376
-3.62015577963378,-0.282460858085867
-3.5254869619032094,-0.3519751785360245
-3.5213096073528805,-0.37171598853875587
-3.5143070786796504,-0.3549400114092397
-3.514189299458569,-0.34489428844443637
-3.5041072736328607,-0.3583620576763648
-3.499715905502938,-0.3344441727010517
-3.494870526273244,-0.3605989868619024
-3.475290624331402,-0.34618759777233044
-3.4584224791284934,-0.3313962853062809
-3.4534259534287868,-0.32828865935036206
-3.442744268590187,-0.31179193078031786
-3.4420394088496087,-0.3046626992625161
-3.433670672877641,-0.28037451428722393
-3.417814099709825,-0.2716787031666012
-3.4129593419613977,-0.2778283683744635
-3.383357965735485,-0.19984032100371543
-3.3789203644705634,-0.20078318857285696
-3.352998506999485,-0.1224619437071006
-3.328899884529365,-0.04451513427001942
-3.3271802758097957,-0.061298612971413265
-3.3236015918413973,-0.032454011036439495
-3.3149067472453675,-0.01726518205478413
-3.291280432839052,0.06514777817958455
-3.2711779156064633,0.14786265885311184
-3.2537223250814016,0.20853567756470034
-3.240344065435723,0.2532349343248635
-3.2389057718231373,0.2810644910194061
-3.2152883261759015,0.37545815920285586
-3.211068087814949,0.38828683683714776
-3.2012585880387823,0.4266853603548824
-3.1957304419966315,0.44052944469319527
-3.1929621586017918,0.4679001632974444
-3.18734748087097,0.4787324313715863
-3.1821959724398052,0.5338439930458172
-3.1797243300210276,0.5326226770320338
-3.1706920995126,0.5678753046142845
-3.169637178372904,0.5646526297256235
-3.163837373984304,0.6063101428009444
-3.159106657332055,0.6288631095050192
-3.141478098136771,0.7038584796824333
-3.130771562041849,0.7708000592254978
-3.124986755658642,0.7633579810612295
-3.1018756818476065,0.9039063194389985
-3.0879288258437807,0.9301986911093468
-3.0846948068824362,0.9437569800488963
-3.083560074137748,0.9658562318939603
-3.066414096715241,1.0393825698155825
-3.0621011813958123,1.061734280130579
-3.057310749908214,1.0710839013454725
-3.0571195732693957,1.0683577894137677
-3.049449650442293,1.0991164954295112
-3.0460179101706952,1.1161438448043572
-3.0362922505676138,1.150534626966186
-3.0340356830101256,1.1786516974713235
-3.026139593107411,1.2016350037008527
-3.0257339929401117,1.184099437114565
-3.0207771537909665,1.22433579731757
-3.0202971351084242,1.223533016480014
-3.0140146438532014,1.226734713050484
-3.0068682427937676,1.2644434005597622
-3.0021128514872664,1.281322992212184
-2.993572691710157,1.3137705302107388
-2.9837917058699723,1.3355630705159054
-2.9702849550124446,1.3722285144686928
-2.9642355698146963,1.4070334697454845
-2.9624848762411036,1.4125422712956528
-2.9425006301483525,1.4703132540105026
-2.9407109996440086,1.4682591000478158
-2.9285986839549674,1.5112139615963096
-2.906874269531939,1.529465974316917
-2.8971421325772706,1.5619918368494308
-2.8928142011848457,1.5751388260198753
-2.887390795729722,1.5502633330510946
-2.839002617174428,1.63984767957464
-2.8291113044621663,1.6238823622593839
-2.826122933305324,1.6110238214982364
-2.8089345041107783,1.6061005069453562
-2.799180206732533,1.6218198424815031
-2.7940987684999508,1.6143590737000464
-2.7916950292478604,1.6145172596182025
-2.7889225102093684,1.5802855917548466
-2.7780916758502294,1.6005068100670676
-2.7658017155534664,1.5679964682539262
-2.757564640030017,1.5557083764458837
-2.746031977349286,1.5354356508074558
-2.736666529303069,1.5170184631201502
-2.733983130008096,1.499012705280755
-2.7338217895556993,1.5063180644782697
-2.721716876438741,1.476446447921655
-2.7184013517461847,1.4799038377457188
-2.7169993166861337,1.4580164611298692
-2.7025406184646448,1.4210615077317186
-2.700229909071865,1.4275438490750734
-2.69423818430667,1.4019437282752047
-2.665207931391457,1.3017430281603863
-2.652754050258892,1.26845017811464
-2.6412204335696785,1.2108138154550152
-2.641014702746433,1.2042900793002047
-2.6289401605702167,1.1572773788792197
-2.6288219214896023,1.1577199610777387
-2.599248196391506,1.014217164789671
-2.57343519318883,0.8743933602093544
-2.555612492832883,0.767696266650085
-2.554981663770999,0.780439513810539
-2.5501834096822074,0.7467236421374315
-2.544490205873923,0.7083453180216062
-2.537453033948718,0.672332806443217
-2.536273517906303,0.6542219087245462
-2.526201548263721,0.5779277769280764
-2.519040945850656,0.5578976720023656
-2.5173436944160477,0.5529251960420145
-2.5129644736759884,0.5247979119741181
-2.508122792909302,0.4768617815332707
-2.5037939256868103,0.45117748373936223
-2.467815830277699,0.23229182286732158
-2.452775131230598,0.1255555729261714
-2.452575677782054,0.13542749957432942
-2.4498303937724386,0.13800487401603653
-2.428249328512191,-0.04017921042744394
-2.4202800669681235,-0.08120577380834111
-2.415515887395893,-0.10046188635104658
-2.411781190243106,-0.1521543042822907
-2.402247086367979,-0.19195703862448937
-2.40091061253622,-0.19925449618245225
-2.399728634499162,-0.19266477654703865
-2.399352124358657,-0.21125038520469647
-2.39065204166391,-0.27150248896551693
-2.390178192470299,-0.2768488449758955
-2.3714068172779736,-0.39576933397299946
-2.3557616161481807,-0.48117873636803865
-2.3477624469142713,-0.523141838850413
-2.3338453326530404,-0.6077191066023696
-2.314998122313977,-0.7174265272406066
-2.301375356220924,-0.8136938518966382
-2.244694462979828,-1.0922059821126648
-2.2443782250816136,-1.114871574530303
-2.2394807571820143,-1.1011958147480394
-2.1965568411452905,-1.2922218258600182
-2.182282182436177,-1.3353730758095306
-2.1651265209107673,-1.4121426556021939
-2.1467030424683475,-1.4406404164397255
-2.1225344892603157,-1.5022284015581528
-2.1091086427942174,-1.507383949933762
-2.1000583900260974,-1.5348276319513596
-2.0990996634864056,-1.5334339013407319
-2.0942552478004686,-1.5436679220103475
-2.093393965223428,-1.5502358066665771
-2.0885855220483593,-1.5308269201470714
-2.0541439387974627,-1.5664399976500016
-2.0445691532502828,-1.5823037887105553
-2.0328606875075215,-1.602144818923945
-2.0326751796325637,-1.5954112691351152
-2.029889980656985,-1.5723012216718482
-2.0220523939096324,-1.576352570025705
-2.0200666272460923,-1.5699371187646953
-2.0120175178264574,-1.5618105300884693
-1.9827938077651797,-1.5221951663789286
-1.956984733038778,-1.5236696228251587
-1.9518404898582133,-1.5042249527010598
-1.9408173642548912,-1.4511438915879005
-1.9337964972163024,-1.4457838748185312
-1.9285845792037213,-1.416633914259093
-1.9231147351690492,-1.4295563810055867
-1.918038302599272,-1.4042362877729926
-1.9113310509065107,-1.374127055185372
-1.8984173993674336,-1.34740531220597
-1.8922321853182025,-1.3342861224465183
-1.8517258580487237,-1.1931791683231432
-1.84424227077145,-1.1801106260102732
-1.8322957277381349,-1.1300906174963326
-1.8283281604353063,-1.1136159357534172
-1.8219364178819175,-1.077131244886892
-1.81820494788826,-1.0553372063101625
-1.814079684234764,-1.0544898277071717
-1.804530643667893,-1.0055153594241468
-1.796118186902671,-1.0082708909386657
-1.793882383704124,-0.9711316114169092
-1.7902240726794694,-0.9628958541536463
-1.7745125765386218,-0.8877508772032205
-1.7695899894732001,-0.8698275829206908
-1.7676616490446548,-0.8590190603819411
-1.753150097750801,-0.8101619385368849
-1.751850346056031,-0.7857166710623429
-1.748676004380958,-0.7823855866536985
-1.745969899978237,-0.7753387746527715
-1.7359167140275575,-0.7449871354234067
-1.7320721326718438,-0.7154915711263734
-1.7237339240742,-0.6804921315421636
-1.7187253952634518,-0.6548551143796694
-1.7159424100019338,-0.6372630352727833
-1.704685507481444,-0.5922850570823471
-1.6983548060890543,-0.567654133720113
-1.6849764224179307,-0.5019309844749703
-1.671137149323708,-0.4397333078093036
-1.6415066107017315,-0.3288509386696429
-1.6316845150516701,-0.2779551246817468
-1.6224431042800367,-0.2493247548461251
-1.6074568550130186,-0.17551233140139375
-1.5985268659223042,-0.1655598291547038
-1.5839409197261425,-0.1170904323694846
-1.5778059783464649,-0.09243252669209674
-1.5763723260383147,-0.07070887707721919
-1.5678440513154768,-0.05281129889890187
-1.551928369373118,-0.012610280081125446
-1.5492277175070077,0.005768993654007587
-1.5423029549946357,0.016521310829151266
-1.5186121919366347,0.10823755735587863
-1.5167188068592297,0.10109020276745936
-1.4871656067057417,0.18519353079283588
-1.485100193521196,0.15868443960772408
-1.4569059285588182,0.21058865574137645
-1.450315932046303,0.22561358954422156
-1.4436987984817318,0.24390501026649986
-1.4374059431019726,0.2537531816378927
-1.437056475471652,0.26435767002138755
-1.4298188805963665,0.2622930122862556
-1.423573430090049,0.263034123357394
-1.404458176617609,0.2728267754329277
-1.3975084939213733,0.2795960489934121
-1.3965446473533727,0.2840471815058567
-1.3911840713624235,0.28251492733807904
-1.3799102331373936,0.2704281620045983
-1.3797872430591407,0.2931350398986887
-1.3214039640861475,0.30510905502980545
-1.3094488255946346,0.28571401276715436
-1.3068239577741858,0.2787591514690651
-1.2995679125864612,0.24912165715374407
-1.2920235735229668,0.2731703173349498
-1.2901260150056792,0.2705416054268899
-1.2736791689242235,0.24013231452952627
-1.1982729183461438,0.10823763643610268
-1.1903553789541235,0.1095211440211966
-1.18628467125781,0.11915681419401028
-1.1845046933567103,0.09823737398953669
-1.1779224909319175,0.08119262250395963
-1.1743789878243538,0.06674418580722184
-1.159270021026113,0.04669104058121854
-1.154632708296707,0.024113453496952514
-1.1328583244554857,-0.00018093102037592193
-1.1311285002003668,-0.021107662671101254
-1.1286584209983275,-0.024533410509165406
-1.1276731759024017,-0.033341183301130256
-1.1009996944472955,-0.08397815919027583
-1.1006370313187896,-0.07910875703866281
-1.0939605167276567,-0.09789551388087682
-1.0931083093052085,-0.10694187662173579
-1.0849080615429605,-0.12114116596504804
-1.0833797351381036,-0.12094648538263147
-1.072912873362064,-0.11225868710829376
-1.0671841220267098,-0.15541868009446774
-1.0568829722987303,-0.1704707712284891
-1.0505411963677491,-0.18345889916262703
-1.0467947340189845,-0.19302708189890744
-1.0409605819469983,-0.2084849562953523
-1.0315530914362836,-0.2123748133096982
-1.0255412533487283,-0.21494818976464863
-1.021667032900615,-0.22745909244690274
-1.0204605358415586,-0.22655211773594672
-1.0055397185741377,-0.2744251747659592
-1.0046480333656351,-0.25933874258392103
-0.9922518560041702,-0.2813996555212726
-0.9894335938881147,-0.28848284245956674
-0.9734624079443126,-0.30164525591365066
-0.967510934193518,-0.29959991871662234
-0.9666788255121439,-0.3114513771485512
-0.959394388038044,-0.2999468165688882
-0.9570854249650864,-0.325254078005282
-0.9532249933469235,-0.33562739343478765
-0.9520246915448647,-0.3342684834798999
-0.9412897708269945,-0.35039222067995246
-0.9379353196522286,-0.32372480025107225
-0.9375468481154758,-0.33892072786756394
-0.9333892145801528,-0.3503943105714068
-0.9304353420987024,-0.32528102108544016
-0.9279970656942318,-0.3335584064860624
-0.925337662383086,-0.34525044817622375
-0.9098307078534793,-0.3560948768237881
-0.8905742801866001,-0.3515839562493821
-0.8880109169906909,-0.3585753272257919
-0.8835494134823394,-0.3457766425427823
-0.8645331274427468,-0.3472048839753081
-0.8628784768317956,-0.364208557758425
-0.8465302303545457,-0.3211447846932247
-0.8269081085839813,-0.3205780900583616
-0.8262174017747492,-0.3220734424670914
-0.8259478696281235,-0.3239118180250154
-0.8208628998691294,-0.30472488812357607
-0.8165685793970514,-0.3262967186850384
-0.8118558785525334,-0.28980688278020555
-0.806616067426857,-0.3183323478493454
-0.8001057113500352,-0.26640519666370643
-0.793785459084841,-0.28764779689582254
-0.7671431922353271,-0.22065077762760066
-0.7637735855848184,-0.23777147499386908
-0.7571184507454056,-0.2026422882081011
-0.7485877834321331,-0.16766025538959853
-0.7404984699471173,-0.15099021997601556
-0.7383206286290376,-0.13884640265775905
-0.7301384012187331,-0.15072828317959558
-0.7262232275639651,-0.1354335415788248
-0.7223447556315037,-0.10756486776043671
-0.7180556725231177,-0.11138197864854628
-0.7098710484822774,-0.08297510585745077
-0.7049556060730486,-0.06382619126537768
-0.6807071649598857,-0.0021803091963663503
-0.6700708129280564,0.035543522807320926
-0.6636940276204815,0.07426375534890373
-0.6481929169782772,0.12104681707596351
-0.64118055120717,0.16318979522711557
-0.6405040032670017,0.15603794633170393
-0.6381502614767101,0.16029599320002458
-0.6241802769917033,0.20503379229655117
-0.621740517241439,0.2328690270012655
-0.6067263097740785,0.2889407873652229
-0.6049594548989052,0.2911483204233307
-0.6024314978572143,0.3400745537029455
-0.5821927838847483,0.40855715645588797
-0.5595681622097946,0.5018115962703843
-0.5514221514592865,0.5302648665888876
-0.5492369983650036,0.5658610091958263
-0.518122449574224,0.6887697474371505
-0.5113376242740824,0.7182852853444803
-0.4996753607929474,0.755985011947599
-0.49856488516733943,0.7781549240379511
-0.47264267361637025,0.8844053278311745
-0.46850731836584636,0.8875069255524608
-0.4411267628776647,1.0182323666222384
-0.4165973487560892,1.1209215161907145
-0.41054937103852307,1.1445017216223525
-0.40192507972717095,1.19011330396196
-0.39532785734969167,1.2156484691296816
-0.3796589143744846,1.255132988354521
-0.3780109304285464,1.2952811573050527
-0.3759395492213322,1.2731043636047463
-0.3739066441791348,1.270883328814401
-0.3677142792471759,1.319332936347358
-0.3472682318317304,1.388080882955862
-0.3421421746742528,1.3770398854134915
-0.3282380043024826,1.436558074951938
-0.3269830430553098,1.4468934383272847
-0.32386791975508267,1.4381396314150903
-0.3220237772645227,1.4501518775769129
-0.311157279125017,1.4864570390661216
-0.30784934347534243,1.5093029167497496
-0.30666625416694604,1.4886399391634246
-0.3028133592669615,1.495250663665025
-0.29402474105935283,1.5207223272250372
-0.28889229130976357,1.5329735274510197
-0.2853715409284714,1.5527089789657822
-0.2619947557240865,1.5704453495935546
-0.24337494575904017,1.5814436263519676
-0.23545288249835838,1.5999112764494419
-0.2341048118410125,1.5911605351511435
-0.22633806607353257,1.580397294139513
-0.17374334773535782,1.6034714729217998
-0.16639410778107866,1.5836919066356905
-0.16139550157486138,1.6115118449286943
-0.16122431955199357,1.5936251212646564
-0.15512053471194243,1.5942826478820766
-0.15469265026943546,1.5859210350228683
-0.14584826379112492,1.598976104599681
-0.12310196527490724,1.5583483352876966
-0.07151458876602401,1.4137860149127184
-0.06719367995937997,1.405302572389637
-0.06646509450165539,1.4129723886951606
-0.0656399960829237,1.3999672995663648
-0.05845050273239849,1.3569533435886534
-0.0561054499689142,1.3757089198493553
-0.03257725458470517,1.2633258797167706
-0.025863084965308758,1.264559030281432
-0.004421704742970434,1.140727144963306
-0.004122023973206268,1.1715888173053446
0.001365951386405051,1.138338846125374
0.011043643847767015,1.1051382406884485
0.01868566102754432,1.0471688867276734
0.03255975602348116,0.9922639336281898
0.03468917259767679,0.9901180284053818
0.03628420819774547,0.9752904651191768
0.06771613746765048,0.7832816881872711
0.08149128588760934,0.7200101075473159
0.10253267178658287,0.5804937667842893
0.1069171454294926,0.573719121278726
0.1348628490142092,0.38013178388277047
0.1408111355607229,0.3555796896255768
0.1431507646611765,0.3297571666768939
0.14806112995858456,0.30279969388090433
0.176566159985736,0.11094670723667525
0.18725363929945793,0.05752134113635642
0.2082838050502298,-0.09981342316262223
0.22155808771803098,-0.1760440796810983
0.22438936358538353,-0.17087916244881307
0.26739527361488324,-0.45853507516084746
0.27236122087208336,-0.5045621585292875
0.29365586820246214,-0.6200311833437508
0.2999497785317722,-0.6402668303253255
0.307893918116811,-0.6995222029428038
0.3200764646209837,-0.7616479982923656
0.32514958196823507,-0.790865449365604
0.32516101980569445,-0.8099330196707557
0.3510756661311465,-0.9405410170038506
0.3624882045266524,-0.9924737692541031
0.3787122791275923,-1.0749771911498773
0.37999872895954656,-1.084231379559897
0.41737390511593375,-1.2530624236986654
0.4200389560743014,-1.271123280932658
0.4222833681907803,-1.2637024628631328
0.4226308689035676,-1.2555072517777897
0.4237529946907994,-1.2708537916552445
0.43330393522893296,-1.306135525250509
0.44341593677445346,-1.335710366310819
0.4480005259482347,-1.349598839296208
0.45471899196614984,-1.3648900435362052
0.46167309411469937,-1.403024082937381
0.46177133744258647,-1.4002547412932538
0.4635461561308247,-1.414242557462908
0.46414059716610634,-1.3952512064593527
0.46717735047066355,-1.3978807108726057
0.47504760879911423,-1.4304126823726626
0.48412349630049434,-1.452404096534616
0.5231974470735761,-1.526661607930762
0.5693362522126835,-1.5785888621013102
0.572843878698488,-1.579896702779052
0.5737551534911853,-1.5834231502314648
0.5822026770890512,-1.5855674279764038
0.583280066775341,-1.5762481155565593
0.6170127889523762,-1.5761836839063184
0.6186597943775398,-1.5592239698921295
0.6338804337905763,-1.533946039144858
0.644131652349281,-1.535086313521742
0.6457189493529576,-1.5513592508048775
0.6486378774703709,-1.5376365858576717
0.6505499054990445,-1.537577383877994
0.6714012188357765,-1.498866077594019
0.6714399272861806,-1.4774780381797803
0.6733427538144738,-1.4873037733119392
0.7041415206162327,-1.420968496097684
0.7113975800983869,-1.396709575858493
0.7319982017849735,-1.3525350911646747
0.734068012342469,-1.3398075528447995
0.7490774627547561,-1.286175585362329
0.7739226073430032,-1.1886324870927152
0.7848158197372879,-1.162886474969288
0.7857365847773838,-1.15763375857997
0.7864496178917522,-1.1450973065726884
0.787225087293856,-1.1587730267182967
0.7904013601890316,-1.1378753421674417
0.8021631300860301,-1.109230541802537
0.8242417729830143,-1.0097125265644398
0.8410989553542318,-0.9434592349468061
0.8544472057117609,-0.8859827211317899
0.8701944711077436,-0.8187176975720069
0.8733922023464977,-0.8182048707497795
0.8746543040551646,-0.800468862656206
0.8779397137642118,-0.7986948929662037
0.8819306853163988,-0.7843025439052002
0.8828697135165218,-0.7787024215699696
0.8976094613384191,-0.6775946629462315
0.8992903874282625,-0.690603699390159
0.8999073606481165,-0.6808225264847191
0.9012623706352265,-0.7015673585102495
0.9083468020680492,-0.6628313972269839
0.9184338221477804,-0.5926399940201812
0.9260435167683303,-0.5717121049116236
0.9266730621477048,-0.5618815403296266
0.9284116268245235,-0.5649693576540168
0.9341438327939269,-0.5243608257576974
0.9359177208961968,-0.5199995819037769
0.9428287140406368,-0.4888309360461723
0.9469750368111285,-0.485263420376459
0.9517510255843753,-0.4551768326372941
0.9671607014245174,-0.38651574879154926
0.9757350325182959,-0.3636582905160468
1.002227154735671,-0.2663454945508293
1.004907185217764,-0.2464439321030522
1.0424815489114012,-0.10314086197258258
1.0671488000155467,-0.024643073925298253
1.068453608983095,-0.030200235306312065
1.0689226718723432,-0.009704025570979675
1.0740557802575514,-0.019079076338591253
1.0804795776936462,0.01582689569950974
1.0838602683379586,0.012064711372494579
1.089685537045236,0.047908378578751264
1.0925478846268302,0.06337814042241544
1.0974808268323049,0.051416974530628795
1.104758250009878,0.08143205444066755
1.1162505597621095,0.11685069419701585
1.1184960945313405,0.11624325139053081
1.1228346790484576,0.13098662166636252
1.1238158919632477,0.13864730680274337
1.1298474136319374,0.1458802234520429
1.1429021274638025,0.16147396090072275
1.1577330048862775,0.19493107174203522
1.1606277301624477,0.22802006738766553
1.164172514290983,0.2175229747769933
1.1660483333809086,0.2227354725637661
1.2070303448257498,0.2764511207818034
1.2099206225553436,0.2736591598933887
1.212513676582402,0.27849685568367505
1.2208238166212926,0.29061365996696276
1.2290890534785213,0.28767361004208497
1.237417420663717,0.2952505185085177
1.264515676430543,0.3046806399603738
1.2677761052503698,0.29066214688923514
1.267995906757962,0.29763941726031207
1.278569225956768,0.2900246311538802
1.2849518643605986,0.2869793844787275
1.287426747482801,0.26814480706038235
1.2880356519125904,0.28877289067544476
1.288922736900913,0.28822174645707094
1.2917241963037878,0.2866722466532233
1.3266306964789738,0.2559433976363162
1.3312486482943386,0.25464840295975
1.3347751191739956,0.27507524506665226
1.3488299472716925,0.23689707158536238
1.3588755072519572,0.2331291887753089
1.3613508750211878,0.2182575564844916
1.374707544010775,0.2312391945299876
1.3758742934270094,0.19641998057872204
1.4077952424085307,0.15167683191325407
1.4094338538520113,0.14088592373136202
1.4225415028734947,0.1422420234867583
1.4274721293881676,0.12676890249704797
1.4278024833352259,0.13041392542095437
1.4288205046251772,0.12137009020631817
1.4318404768488353,0.1171579769799994
1.4365474667175473,0.09973575333681145
1.4548438232144454,0.07130313290020285
1.4600543913452206,0.057287941598048155
1.473054860634516,0.036181768829403556
1.4849974029483963,-0.0009334941121966877
1.4893337477746451,-0.01518426814185889
1.495810585887888,-0.02763672891645441
1.5051198094882956,-0.01702249828666708
1.5322358433395902,-0.09403045698394286
1.5351850712786286,-0.09741919250539599
1.5362991672714283,-0.10097894842841629
1.5506514064026398,-0.13777583157247483
1.5585200075220929,-0.15530888779670596
1.5754701705128804,-0.19143384288177506
1.5772839511042918,-0.16555083308027047
1.579612469513104,-0.17871853761035525
1.5846328040996376,-0.19704487240183888
1.5994080551440835,-0.21891754130171787
1.6014872433058294,-0.22009396348895735
1.6028187433919037,-0.22905404132062135
1.6029982297354213,-0.2357651948324815
1.6065828852017319,-0.2248722911186929
1.612564043885417,-0.2468751060265111
1.612816146331598,-0.24454783121041723
1.6231034524378778,-0.2574791547421937
1.6391197646884637,-0.2679199260374416
1.6395751373954095,-0.27609153888792104
1.6437209853051726,-0.2870284222246181
1.653199210101084,-0.30892068366318726
1.65411206308156,-0.28443204706068564
1.6586205532080758,-0.31285586068005466
1.6763680503706517,-0.32454234175001756
1.684372446803744,-0.33290567354772466
1.6896079308140974,-0.33667946261247395
1.695681332438057,-0.33105476735805406
1.6978297970488558,-0.3495113209685607
1.7005520119966757,-0.34963390438138076
1.705337571932927,-0.3545037984639644
1.7398025366801084,-0.3483335984557095
1.740231194969871,-0.35728873195908784
1.750672679722297,-0.34361773890734765
1.7602928866234757,-0.36593868744593727
1.8013152368388923,-0.3411144727324725
1.8080790285684465,-0.3133814419895999
1.833770512004894,-0.26152104715392305
1.8396758401811741,-0.25786359888932053
1.8456880154736162,-0.24761698796788462
1.8485921724856746,-0.25079370814453716
1.8675213777116877,-0.1962266913087282
1.870251762644327,-0.20984756294849255
1.8712655116313588,-0.20846266489300794
1.883216961917956,-0.16597711553196987
1.891465085986333,-0.16700362787660486
1.8992892813675333,-0.13636235331537633
1.9198452675587152,-0.07043903673491733
1.924474720279031,-0.05605957283654225
1.9530739636625851,0.03121604888832512
1.9531885907834052,0.030192145856575835
1.9549087790030217,0.04580473141433598
1.9557159823208323,0.031186904871906097
1.9660906662829305,0.08613945303811629
1.9750945612853643,0.10869803908406202
1.980839140600958,0.13625774542831612
2.006322493407602,0.2530528954129241
2.0286273763848754,0.3293728799926205
2.0778534691808996,0.5498807281946118
2.080508587707345,0.5492819401393383
2.0982440888241207,0.6332336483931712
2.1056323030879396,0.6852199862301378
2.1077547747686562,0.6706891221504443
2.107921976550905,0.6980881369011178
2.108496691013607,0.6656935499365064
2.1103538980060517,0.6961415583380761
2.112377084061441,0.6829237039674694
2.1409848503469853,0.832564514532717
2.144353162075862,0.855533971908321
2.153723700355476,0.8981178442382759
2.1616013789330024,0.914612454120104
2.1937680961450425,1.0629657272949575
2.215431508909904,1.1242799240141839
2.2303565141776636,1.2030423730480055
2.2305658913602873,1.2084443087156271
2.2491628340920924,1.2739072577036887
2.273939569501989,1.3416104757784049
2.2807401739472386,1.3590595937214587
2.2867240798747552,1.3888044028259399
2.2906423028605536,1.4042116508826894
2.299668069545625,1.4387620441378517
2.302656285199756,1.441585792921131
2.3056406167479757,1.4581104568555763
2.31303425048638,1.4640072412945202
2.3378446678233855,1.5232940813820761
2.339193486575823,1.5245926290125844
2.3393069013988255,1.5317255760608839
2.3724379129611872,1.5830234459380943
2.3926105797013033,1.5970375713142004
2.3927995188880624,1.6002075642910096
2.3961175764132703,1.5868923880500156
2.436092556682964,1.5968577827852113
2.4372988209332984,1.6024893070923676
2.4458107343911673,1.622318333454974
2.44868426308925,1.6040397113908202
2.45372053214453,1.6207950199661116
2.4576307530084973,1.6041206643108101
2.4946939619384025,1.555819537010994
2.516405336751884,1.53289043092089
2.5259614623296116,1.490601273373309
2.5410914928605344,1.454513815669922
2.5513639196371196,1.432884396190402
2.556443471136774,1.4060244103747443
2.5882872327490265,1.3264492610600152
2.604016598943664,1.244870138645045
2.6143563643450998,1.197322187455019
2.6161795906708303,1.186245028880446
2.6193452214466317,1.1795855080447262
2.6201600273222105,1.177767931140056
2.624174102134126,1.1619369751332307
2.6363432847149193,1.0908272176730498
2.655317175303061,1.0155580004232223
2.6914531755252966,0.8146572243992131
2.6932116294011177,0.825054912572154
2.693480783832454,0.7967119980456349
2.6973961319017334,0.7745757655894179
2.716647003344854,0.6548366233202292
2.7197864731148407,0.6570018438928468
2.7251583805667403,0.619672110490572
2.7302268702532064,0.5892559845513301
2.7324093083654226,0.5901141934758288
2.747393427395197,0.4753078037425592
2.7541472488183194,0.4480082015712293
2.7581321263771894,0.40279221970870865
2.7645163955001886,0.35908085026676223
2.7819525394571922,0.26309347434045566
2.7839194601636983,0.23884936413530367
2.790288786861729,0.21132949015499963
2.8112957557842924,0.07418119296211488
2.8157941540422096,0.04019445976575654
2.8307325323866745,-0.05390978219532636
2.8339590974961535,-0.07272456219152022
2.8372549403242626,-0.09541738248061392
2.8380359662873103,-0.10877020078191416
2.843089113986581,-0.1499926096151924
2.8443484824721175,-0.14556390677602501
2.862597107016299,-0.2699836055677817
2.870501181442073,-0.3189391114406047
2.8779949984871758,-0.36493313830492086
2.8895394247721997,-0.42834785043338647
2.895450393244979,-0.44995195524589854
2.9004237829190815,-0.4906242065481549
2.906671298846878,-0.5237810753790737
2.9128873692238324,-0.56353847812458
2.912992491796164,-0.5908737602909641
2.9267226131577413,-0.6460531050888718
2.932775194941687,-0.7063709202145843
2.947911247812627,-0.7677021348318549
2.9643020808043774,-0.8390039923220491
2.9792556234712695,-0.9552948913091809
2.9910476913268713,-0.9961141300835621
2.9948177431291025,-1.010119627835971
3.002592114976437,-1.057634604952926
3.012819942748168,-1.0945874257302446
3.0142153949246833,-1.1046229782478634
3.016739012733007,-1.1209756541866056
3.026806120765471,-1.1736974301445382
3.0321302744998437,-1.216974559527916
3.0420201265530338,-1.2362869543676906
3.0422499550880016,-1.2302204427299275
3.0566842914610177,-1.2973819797504107
3.071761949305472,-1.3390091083321913
3.078820925516487,-1.3675246626411262
3.089562134929004,-1.3989175991107177
3.0905804556547896,-1.3801502846254936
3.0996039601675207,-1.4288981087452535
3.1005239453601128,-1.417063991073336
3.104915896226787,-1.4449176003103938
3.111375891443517,-1.4470722092078134
3.112574529207569,-1.46013458235774
3.1301057176542475,-1.5116260269653732
3.1662640359584717,-1.5551938133482492
3.169426083878081,-1.5695249489849894
3.16995882832059,-1.548982072741809
3.175905313037454,-1.5556642948739332
3.181412753636881,-1.5648146883224783
3.1908095524689113,-1.5929148031928928
3.1928274413751474,-1.5649211993490317
3.197546254714233,-1.5833257445159241
3.20506101821473,-1.5580236977629418
3.2075599344435695,-1.5898986963315804
3.2134332552628138,-1.5820320796696905
3.220586796577603,-1.5628841521464754
3.2353626503850723,-1.565333082160503
3.24298377175994,-1.5631067344336331
3.2609351044019395,-1.5540380321987923
3.265059532553815,-1.5449342501090824
3.283732286957207,-1.5339847811158303
3.287340393850105,-1.5150385702567788
3.2905089171078536,-1.5147265107814116
3.291911106564161,-1.5077138973763122
3.311336235606767,-1.4623422513662896
3.342367960248289,-1.391257431445066
3.3795750509447053,-1.2730244860407167
3.411342578552704,-1.1652298320424324
3.412315335988394,-1.1550024652585762
3.422418383101178,-1.120627852638636
3.428985458302588,-1.0930218712760518
3.436898712602245,-1.0716513682004427
3.4504419924788206,-1.018379739839907
3.45618744248865,-0.9890353540935283
3.4738214144337203,-0.9165288540705757
3.504469665397483,-0.7922641502304152
3.517740752121675,-0.7216978537537257
3.5484170397940424,-0.5782611601617684
3.5518540700539507,-0.5885748173222822
3.5701311428118316,-0.5057443482690895
3.5896753126071754,-0.42641526296896176
3.591231760091528,-0.4156264687166517
3.5928528633123946,-0.40753844928726907
3.6063979719790424,-0.34663769283765933
3.6239934735537975,-0.29427893840521185
3.629588037301497,-0.25442820662413285
3.6336068104751753,-0.23055090069437212
3.6391590662093183,-0.2173232469570536
3.6408887887501944,-0.22074435538619688
3.652622774160438,-0.17688609642071618
3.6742563554170804,-0.10051989421052267
3.69273410137305,-0.029036034985595247
3.705187491503281,-0.0005513557783930288
3.711094183148603,0.02543410450238847
3.7172968667784705,0.04381913491423072
3.728755248641068,0.07998945558301429
3.7310236637566767,0.08301204540481563
3.7413358174547806,0.1208806485001415
3.7502369436561818,0.13240552182073467
3.758858550474635,0.13980610523727233
3.7980754108979955,0.22155942223813052
3.8067456607919556,0.23892924851465935
3.8081377515825565,0.22571373374499712
3.8146673367335193,0.26207918124054197
3.8152732975811983,0.25043705103042324
3.8211664570819206,0.23251170929690398
3.8316881629347606,0.2732566671700156
3.835854913520878,0.27650679869690004
3.8390074990556613,0.25135375297614276
3.8455765957043138,0.2747627440184205
3.854200850611006,0.29520229580003954
3.863464535212147,0.28858356661054163
3.8648238197479134,0.3030855251645943
3.8678405440547188,0.2909447853070787
3.8689083352992917,0.28581157669142465
3.8707160159656304,0.30120486532134433
3.874497262534069,0.2886277234186456
3.8768743818111364,0.2707013162143558
3.918979904884722,0.2771907594080623
3.9404791696349726,0.29296702065943603
3.949432862053788,0.2524564234706175
3.9508469454126622,0.2843612151477065
3.9596168361520796,0.26676912438465783
3.9633855223075507,0.25792969838351054
3.9636565117229843,0.26004542565360067
3.9844124805194543,0.20889323120878278
3.985494078288502,0.25692240683426615
3.9861540518407246,0.23771821186281006
3.99372708651757,0.21903273030338244
3.9955092869826885,0.21245534665828528
4.003436639745399,0.2225380354209739
4.013993982769486,0.20934473654077476
4.023028446791274,0.17229902771173325
4.027567142443591,0.16942246567968053
4.033419940497495,0.15067975326350158
4.036807892755647,0.15333517068989563
4.037247449714759,0.16251201199351703
4.064755751126288,0.09418328313525594
4.065033455226704,0.1036867295752825
4.075137631184598,0.08919205277337806
4.092258098657011,0.04521485900200222
4.095934259694822,0.04397251496327258
4.108185587928158,0.013398497020063588
4.108525148801084,0.022339997524433285
4.111199236635056,-0.008059064427893468
4.114689374858344,-0.006351552354659053
4.117509033698344,-0.01481042403382045
4.127134882602853,-0.014488257998559767
4.147836422916319,-0.07406638922426392
4.152758264010066,-0.08767890974855576
4.156305229070357,-0.08410482624805488
4.165105752360082,-0.09356143422187385
4.170041692648084,-0.12213633606680412
4.174196212800947,-0.11891113192766417
4.213868213831619,-0.18437916672407914
4.224359094711918,-0.20353976206055277
4.243650734397914,-0.2697170526396759
4.243684916682282,-0.24542732651622712
4.251918491487942,-0.25733605817388333
4.2606145552612595,-0.2654535930627532
4.26232516919152,-0.2756782361922175
4.2799809762368906,-0.2948679097049165
4.293291690259851,-0.3066162011061705
4.322326559499395,-0.3350033570616323
4.330469600044806,-0.32914269522919365
4.342740087784355,-0.3451274572780572
4.356370646528749,-0.34386191412219064
4.371287616597959,-0.34403192513346054
4.383657667105377,-0.34998729682314217
4.389791378581524,-0.35477318740136177
4.4041783922300635,-0.335971337620706
4.411426131370256,-0.3221540233359423
4.413848553677042,-0.32993999112743194
4.414879214234004,-0.34141511442938494
4.425860250561431,-0.3226587420292306
4.42794138033338,-0.3271544614874444
4.42898881852129,-0.30333094180372727
4.4313678322229855,-0.3096657975055509
4.433520505191607,-0.3106460897299757
4.4339680547988465,-0.3009506549122053
4.434346332291037,-0.3117494888482312
4.456965799872014,-0.28056387069146116
4.47520469022664,-0.2421939774421058
4.479029940980228,-0.22428098812059236
4.486776438450217,-0.2154564224631154
4.498013109483608,-0.1912998222984721
4.515065150813873,-0.15148262959611822
4.520786436249114,-0.15190049693904076
4.54412938494937,-0.08309050591086674
4.54975227952904,-0.05341008638621832
4.5711314771756815,0.0030792722383973644
4.573199146280086,0.005093207075551649
4.588287630389756,0.0698454397097042
4.664565088856319,0.35645925815054447
4.6782271797931365,0.4396035624688637
4.691634498691,0.48465253444503736
4.698188943894179,0.5158353476915318
4.712781233461055,0.5790570588496831
4.721679019792344,0.6168521248493769
4.7231364462351735,0.6137937587648883
4.733326378857685,0.6713762436268118
4.739698453975604,0.7069178638281234
4.739905789087722,0.7071927483798
4.74832009722841,0.7359153806162849
4.753725924738545,0.7510963619648124
4.759013011512462,0.7743993038501831
4.770361198634927,0.8291993332281254
4.773829875550449,0.8492957391661354
4.774395190638922,0.8678035205530967
4.776987768074873,0.8842180697917371
4.81115083166679,1.027365586552904
4.829279271239301,1.0921510552083482
4.837881291212604,1.1268845667070604
4.853875018288342,1.1899145616047828
4.860431974421994,1.2137512341173355
4.864112223718601,1.2248899347502507
4.871694287089399,1.2679026711026335
4.872357394736255,1.2681207470689673
4.874904134789885,1.2608412450100217
4.887027023480083,1.3050432962267542
4.901931653705262,1.3792504688276634
4.9077726608076215,1.3863809634558821
4.913489113038869,1.4015048760350937
4.918018937112219,1.4112256459747563
4.926311813507345,1.439413082581972
4.938803817528404,1.451403588292048
4.97283913670813,1.535426435385554
