n_harmonics,base_freq,magnitudes_0,magnitudes_1,magnitudes_2,phases_0,phases_1,phases_2,instruments_0,instruments_1,instruments_2
2,2.1452125483571427,0.8567018680629315,0.6565804118368702,0,0.5003261542200456,1.0626261293129091,0,sin,sin,
x,y
-4.9969435806420215,-0.05204165944062846
-4.9745993379089,-0.0729070380085564
-4.968227359454094,-0.0619275899876314
-4.96410805705604,-0.06393893730000522
-4.95732059954959,-0.0799588492428896
-4.93793074907121,-0.09202583522852233
-4.933017671786346,-0.117199747881296
-4.928882740730986,-0.1005368089111615
-4.926293487970385,-0.10216405043284695
-4.919175372060156,-0.1071290622443255
-4.914434341322355,-0.10278568949240924
-4.910203452572736,-0.1327524922771231
-4.889653553548302,-0.1141160482716261
-4.8616106541845285,-0.10645119809650791
-4.861045942150461,-0.11658589341773658
-4.852504984978808,-0.12570819841451558
-4.82466967577341,-0.07874885479983224
-4.819148691235879,-0.10975467010943228
-4.817581935053557,-0.11169725839780946
-4.808864237414459,-0.11691486313698944
-4.804523610803803,-0.11255391158560644
-4.795937558268674,-0.10139626087423324
-4.788717285970896,-0.09148891406163964
-4.7690629709001175,-0.08895194061134898
-4.765468362492565,-0.08507769370310844
-4.761432060082081,-0.06492144234476203
-4.757293254094549,-0.0914945026164727
-4.748690970797455,-0.0673038448875921
-4.736017327896002,-0.056856436238767655
-4.7190470842486825,-0.048188992835509634
-4.71326043209901,-0.03721663055488331
-4.710035988805784,-0.040856866187475284
-4.706253397713514,-0.030591853482241613
-4.681262998970866,0.0029135828959075873
-4.626823874091493,0.03041896617794154
-4.621726163120115,0.04317989751089745
-4.615234079357231,0.05104066725206764
-4.604535172415175,0.07385629226666526
-4.599824130637807,0.051533104009735736
-4.593673409551531,0.07174108022326459
-4.593581186911706,0.07505909675560943
-4.591431185764274,0.0691374061154365
-4.587339301109109,0.06557720414244378
-4.585331739318798,0.08548629193348677
-4.583633296256584,0.07718404023884
-4.580851513224374,0.0709984446088267
-4.580382933733156,0.08022577197653584
-4.576520461242297,0.09510347170088157
-4.558536488663391,0.0992710151467945
-4.538895631980312,0.11103945817409001
-4.535944034237147,0.11688835122355791
-4.534323380996775,0.10430277261837043
-4.528744301805293,0.12259064360652489
-4.526885059929371,0.11996387197587487
-4.519397393595566,0.12778796707210613
-4.516880120161964,0.12819821644049167
-4.489615281900021,0.15977119999180933
-4.482003055855948,0.15914808557306862
-4.470831327456991,0.16535569130306452
-4.448399910153559,0.1497584506660345
-4.446972723503004,0.15843325648037437
-4.425508705887494,0.16058016406151063
-4.412020177098434,0.18380334845421747
-4.396659640941194,0.16484197717837243
-4.392826696767612,0.1643676508651218
-4.380292207572407,0.15321777886143303
-4.352038140886407,0.14874293011014553
-4.34760024137447,0.12828320974893073
-4.345914096800131,0.1496783241166366
-4.308217065499048,0.09530436918208873
-4.306778673426258,0.11730281017230883
-4.300797602796912,0.07955685664512249
-4.292127415177426,0.09597797168120908
-4.286252761755222,0.09895902361581649
-4.269374037157384,0.07127343608190705
-4.242194828174002,0.01816447542342453
-4.238516959992207,0.00783310858487446
-4.228617308919067,-0.0004911914176828943
-4.227153790775219,0.008005700761947582
-4.219630487532148,-0.016766355665281275
-4.1944641398200355,-0.05987698950742612
-4.18506607784863,-0.0892901387275826
-4.184986381730873,-0.08560478836653061
-4.181634732731494,-0.10955475541273482
-4.176955797573787,-0.11025218655146592
-4.167314597257517,-0.13656503699679923
-4.148740185129721,-0.18575412440560146
-4.1350451497522265,-0.21229712796147496
-4.129958767855736,-0.2089047177546398
-4.126622983441219,-0.22511159700741024
-4.113431143411306,-0.26493314711752214
-4.106776574540353,-0.27988020725310553
-4.103684234568283,-0.2910705537185114
-4.101735612626845,-0.2957563230438476
-4.097944538311465,-0.31332907764887424
-4.078806280853115,-0.3480357160290547
-4.073050545771592,-0.36307215337752274
-4.071737194643962,-0.37444445112063507
-4.067241350200506,-0.3746421826491986
-4.062503085845238,-0.39137241355739777
-4.058695771420881,-0.42778605967415717
-4.048666223494309,-0.4440963369863253
-4.043564342584015,-0.4515204370237422
-4.041622895726694,-0.46107330910012545
-4.0404716289969915,-0.4667082999168401
-4.017329037816778,-0.5333445751703968
-4.006721128299022,-0.5632515895082731
-3.9947076906552867,-0.5860611377266675
-3.9845913851804737,-0.6294668281962673
-3.9630351876284275,-0.6932551476806689
-3.9551162835570377,-0.7192508696009695
-3.94696564554902,-0.7446331124259548
-3.9426459662864897,-0.7775448039716428
-3.9401836885696073,-0.7686499268120593
-3.929241298466252,-0.8138786098525642
-3.914955340620261,-0.8487480099230396
-3.910366047972833,-0.8367125803154127
-3.9014312702242093,-0.8692117727732015
-3.883539193454811,-0.9212129792303345
-3.8802284073370896,-0.924405747888994
-3.861612851584739,-0.9798069166662146
-3.8477832073518172,-1.0513717703393208
-3.79194876908329,-1.1375718695402752
-3.7800842754173694,-1.1735880005488104
-3.7373461927762888,-1.2438890436390535
-3.7257629946016224,-1.2563461844514368
-3.708289396421498,-1.2904404950846948
-3.703156235488164,-1.2828449189991797
-3.6992524421209874,-1.2850798320739185
-3.697487542676855,-1.3090518103570752
-3.688656559111555,-1.3031759589985412
-3.6609569483738866,-1.3255296288480034
-3.6588542158520685,-1.3396593999826956
-3.655528323297408,-1.3347937932750047
-3.6487261929221515,-1.3446415119064676
-3.6394941304898367,-1.33803401496588
-3.6384810304661253,-1.3358244589914638
-3.636756091743579,-1.336968116693608
-3.6337915382299437,-1.3445842505290102
-3.630932776914616,-1.353993637270499
-3.6290541792814146,-1.3233001118509764
-3.6285314502811907,-1.33644915543256
-3.621512413304205,-1.3442633361612912
-3.613525720960525,-1.3252711234353083
-3.599619484343103,-1.3110047664054074
-3.579319490635325,-1.327567670045542
-3.5670780607414887,-1.3066788677663366
-3.561977706007029,-1.303405239324083
-3.5570616053576884,-1.3057016653560731
-3.552436257925292,-1.2977581171754193
-3.5523861345528562,-1.2914681375426849
-3.542213820184444,-1.2964387759496734
-3.5421140701985654,-1.2719053702389582
-3.5405301999490524,-1.282848864027721
-3.535863931921963,-1.2707291587266307
-3.5217633722382913,-1.2377012972717711
-3.518029792741876,-1.2516453604600088
-3.51379016934969,-1.224454212353963
-3.487328242811094,-1.190192160203657
-3.4859969998242866,-1.1926059289224855
-3.4853867499870472,-1.1770867135600716
-3.484029958704151,-1.1717737854641574
-3.468229152024933,-1.144199234137018
-3.4672862708217522,-1.14612598314665
-3.447975049726252,-1.0743265557412354
-3.434886206838387,-1.058868140729083
-3.4151560398288563,-1.0141447616650698
-3.4145399553510214,-1.0067691282816185
-3.4035109925568916,-0.9763254206896977
-3.402323043070318,-0.9599739539062246
-3.4000955223493348,-0.9435706034441781
-3.39961882466942,-0.949905494966683
-3.3991757856146263,-0.9539246566061178
-3.389840118915636,-0.9224749941086968
-3.3873072904295043,-0.908579949220902
-3.37781659495503,-0.876687631350024
-3.3686109805412787,-0.8462616373440491
-3.3647494131894007,-0.8326176955793306
-3.3438936192347612,-0.7645020681225351
-3.3434732352700527,-0.7675082813216181
-3.337033501918707,-0.723790411516564
-3.3264621946734483,-0.6872821645440816
-3.3238320098884646,-0.6845734979650854
-3.3194968296759866,-0.6702758005151508
-3.312790931575018,-0.6153731034020615
-3.3020497423660156,-0.5797570117131848
-3.2783297961589977,-0.5020620607410341
-3.2566302127411273,-0.3845677869686192
-3.248714115637381,-0.3427135186888931
-3.240982650674913,-0.30201669261332076
-3.232410531164179,-0.2899224062121273
-3.2024300359061297,-0.1616199265388473
-3.20237373260134,-0.15425853764842792
-3.1884238007719814,-0.0963455351379359
-3.18778531715898,-0.09937599353654336
-3.1800059659077187,-0.043924031978315
-3.172441958649207,-0.016084981474561513
-3.155303279901416,0.08949313848469284
-3.1279816371233746,0.18547005525468557
-3.099745523665426,0.3217644989281324
-3.0920025105838267,0.3654503887213436
-3.087957888002916,0.3771960037414287
-3.067184544883413,0.4843075735604582
-3.0623529600443957,0.48843877770164623
-3.0357314934245414,0.6222365794377821
-3.0346059082773125,0.6110766570437438
-3.0282184169296364,0.6401632603741967
-3.0201212447460843,0.6676703277368502
-2.9988727834277773,0.7436084167180523
-2.995681262949692,0.7562675844684057
-2.9891402196520267,0.7871682876367868
-2.9783377825604376,0.8196665117223543
-2.9764569367541425,0.8382764520086966
-2.965842129796472,0.8496320604909493
-2.955929637897116,0.8871752465824255
-2.952914151566084,0.9138253316805391
-2.952675758557338,0.9070254532533095
-2.9133915734579388,1.0292187806011217
-2.8988613698466468,1.0755825545611017
-2.8777885832093206,1.1205606045320156
-2.8748857858313484,1.1159270111400181
-2.8654342651439455,1.1418621195421197
-2.8392683636861493,1.1796500278706599
-2.8345026719370137,1.2045282055194462
-2.833868210782783,1.2050809513870293
-2.827513168770727,1.2211820136834788
-2.812364972187776,1.2403016396958744
-2.810826413412312,1.25474542997632
-2.8093865671268947,1.2272215311401038
-2.798339115196651,1.255263963780173
-2.796644660305555,1.2545442166429748
-2.7958727533669148,1.2985393427552763
-2.794566930937936,1.2681391012988583
-2.7879285536519562,1.2631742539460988
-2.745471011431475,1.3106280228073817
-2.744816642423178,1.3010965226899784
-2.7380364392500347,1.2983167172244268
-2.7260918075142024,1.2926332283007282
-2.722908505871927,1.3174943996820259
-2.7206249177823127,1.3100962806522527
-2.720261516861137,1.3013339143391316
-2.700888419416269,1.3063267956144302
-2.6869710445764703,1.3023118058191814
-2.682442516360913,1.309707491572925
-2.681604602403984,1.2934795621261346
-2.680321002672649,1.3041623098322785
-2.6762743736804087,1.2966667594429409
-2.6585075934004054,1.2832641014957724
-2.648957531262084,1.2621503895779926
-2.6359890471886938,1.2540479488660101
-2.5713275292808158,1.1602751091115513
-2.567868251017561,1.1449010607234062
-2.562309426686996,1.1515523844071252
-2.560013916796051,1.1300355886905293
-2.5511592183444973,1.1283933030583149
-2.540482651879137,1.0964361005643932
-2.530972402996665,1.0854832268089927
-2.526698589756494,1.0711926156828635
-2.5244166937543,1.0423478511273891
-2.4971926806237423,0.9899675807152196
-2.486035124270348,0.9531113088200914
-2.462334193845649,0.9084047907866598
-2.4308968437945513,0.8319633759331515
-2.416597139479383,0.7950599371214492
-2.4149341301980076,0.7653331638853866
-2.4146587134779818,0.777100233853509
-2.4106456350048933,0.7514562578749461
-2.4004107837010578,0.7152261271090732
-2.388129529235833,0.694745549410533
-2.376031051493055,0.6707063485017355
-2.366634993636442,0.635906083788464
-2.363876493912438,0.6188353953355684
-2.3425339141783406,0.5619918815690625
-2.334843976234807,0.5363416388183211
-2.332774681914348,0.5300173752270935
-2.330312947554629,0.5215357413079111
-2.310618261264481,0.4717703858916591
-2.307063847407931,0.4765416894688866
-2.3066077002912424,0.4400855855874724
-2.30289116246699,0.46256653794848307
-2.2656572765681005,0.34139381274355446
-2.251927963131566,0.31373917093554454
-2.237111435305239,0.2649252756657573
-2.2124156860102664,0.2129812755970517
-2.2099758757960917,0.228250257299692
-2.1966684101826814,0.16995421437404326
-2.194659347399125,0.16501280357189446
-2.1831152850777977,0.16444893166321609
-2.1750572116772995,0.15324560977236043
-2.1600624772274846,0.11175073618898193
-2.1380467138382264,0.040853240306597455
-2.12324295783103,0.03999980667980751
-2.120833287146582,0.022248803505439157
-2.080277671084192,-0.022912939785084015
-2.080002425044978,-0.02558502204882669
-2.0727361288830783,-0.05640843077859923
-2.059104460653928,-0.05198379423137498
-2.0439771034588503,-0.06121661832802368
-2.0268195542341996,-0.09992268483685342
-2.012299697816963,-0.08980478385508277
-2.0056397531267067,-0.09938807468681647
-2.001263816833012,-0.10096283391245577
-1.9996392441503907,-0.1028404470426478
-1.998616074293186,-0.1057843993545372
-1.998387467244532,-0.09330457436143107
-1.9872525873840106,-0.11203366734761677
-1.965758062840571,-0.11721116293961803
-1.9646610651001426,-0.12320973970802312
-1.9644089275377508,-0.12557850341299256
-1.9621371470833826,-0.11846024739444135
-1.9613008198813153,-0.11954235676947296
-1.9560485684773643,-0.13066813602807173
-1.9523186721695795,-0.12011925340062723
-1.9516219167500095,-0.13201036352840229
-1.938910556428409,-0.11963551225127465
-1.9382851295418657,-0.12099015746261275
-1.9370705537080966,-0.13011211940051096
-1.9322951658979814,-0.1155676559499593
-1.923378439370378,-0.11230173036235759
-1.8915060474181766,-0.11095615742861345
-1.8912930931047778,-0.11277362736736035
-1.8741657496958841,-0.09986047303308278
-1.8739610572146148,-0.11259500373840735
-1.8595660827866798,-0.10781872671769707
-1.8540413141029388,-0.0802014923128073
-1.8539850280566172,-0.0843411710861997
-1.8522809029768128,-0.08089725819976894
-1.8194850444527368,-0.07062295657323318
-1.819219507109425,-0.07667798004946305
-1.8162495415679403,-0.06133838261099314
-1.7969605077604376,-0.04196526801924344
-1.7958186504569387,-0.05907591576410215
-1.7947275098086193,-0.04908869061263762
-1.7725806869203806,-0.021888380381015024
-1.755609516901103,-0.01106288747029345
-1.7535496857799515,-0.01426873776973352
-1.7294925950542939,0.003252893239387096
-1.7282812148111648,0.02314079107021076
-1.7166028045594373,0.013544618927785265
-1.7134505274783596,0.03639659060422337
-1.7117365033011147,0.022520653674732515
-1.7054698455846373,0.014588519010514493
-1.6983580577328539,0.04833216049952915
-1.6801891052427487,0.03641936483732471
-1.6648759797381474,0.08195956509759443
-1.651477768834689,0.06687353686290466
-1.6499775921471391,0.08474731169318328
-1.6402686770933639,0.098265542523035
-1.623979046933035,0.1139958909258241
-1.6077421690201543,0.11188769093075451
-1.58297405708959,0.12654224422129504
-1.5745468674763572,0.15126148182478927
-1.5595133264812446,0.13716729695402993
-1.5583488726765768,0.1398463469548919
-1.5570050378706823,0.16453539665391412
-1.5484383349770647,0.17089527305676994
-1.5374169080835953,0.1448258538892857
-1.5326701748778406,0.14403951354523029
-1.5241710282202927,0.15784501281841992
-1.5025568753453102,0.17517030151428112
-1.4880548510544642,0.15504117400227868
-1.481284080298165,0.16747679895390521
-1.4470397625094544,0.14685196264520034
-1.4175464471178945,0.15945550281338092
-1.4107030687657476,0.1291393857654574
-1.3982497290332665,0.12428427491650514
-1.3816333556861684,0.10904080249539742
-1.3776325408216596,0.10938779617663659
-1.3694036886467265,0.08436457830514153
-1.3673087983212828,0.10834617300054865
-1.34321093252737,0.052277193863677816
-1.3146155388233205,0.025881976015108034
-1.3054530826643629,-0.005314327703137205
-1.2894978725352937,-0.017129229414271085
-1.285225670293194,-0.02507150710548882
-1.256959208741658,-0.09443732690618326
-1.2514977661521098,-0.09764856165063972
-1.248467590924709,-0.1177484423987556
-1.247014327513536,-0.10025930278450576
-1.243829251733335,-0.10852563194998384
-1.2162871267952866,-0.1689672311824097
-1.2135745779251081,-0.19187127898106004
-1.1910358092524378,-0.25876579979822917
-1.1668924817255197,-0.30028232217460676
-1.1651445787697745,-0.3180328050566643
-1.1342566966698087,-0.3859464845398732
-1.1307267646830024,-0.41773273809754163
-1.1209865143258604,-0.4516422158416943
-1.1101883517289912,-0.45757771356009974
-1.0846264227126277,-0.5349363782275679
-1.0736829198546385,-0.5769181476091105
-1.0652767798310183,-0.6057746626679456
-1.0561100725412809,-0.6318002700689705
-1.0385344443241564,-0.7060558815114576
-1.037532970387165,-0.6806724292130335
-1.0252003172828617,-0.7282548127290389
-1.0004981992836317,-0.7898374761350768
-0.996940089740713,-0.8067551529468702
-0.9813354090266522,-0.8558908037022572
-0.9648520578963948,-0.8873114474193111
-0.924865089376663,-0.9885289106943007
-0.8957780780561633,-1.075286620996293
-0.891949049212208,-1.0837195268342488
-0.8888336791561819,-1.1072437903913441
-0.8693847086591688,-1.1340973229455824
-0.8634195843114103,-1.1386412500083714
-0.8581479253110373,-1.175384768217391
-0.8450946908372643,-1.1768640636117174
-0.8422163263544373,-1.1765818722808474
-0.8383933773770211,-1.1892020678100415
-0.8220134563988424,-1.216566030051857
-0.8095792369901602,-1.2469969519014916
-0.7924321395034681,-1.2668103194854676
-0.7823227078571158,-1.2928685530049215
-0.7793930167419454,-1.2925730116618845
-0.7666339436123248,-1.299100643573082
-0.7447619919345776,-1.3131576386553336
-0.7410698603934618,-1.3133133510967026
-0.7404737614918675,-1.3227164919540235
-0.7323047861118539,-1.31625292309201
-0.6929330408282661,-1.3288474104870456
-0.6835452773936668,-1.325778932551632
-0.6815776369829045,-1.340055505211324
-0.6799294745708995,-1.3241020311137623
-0.6708623676353387,-1.3433300070143268
-0.6656336270116414,-1.3304763712650467
-0.664929626209041,-1.3242469056573047
-0.663344102686608,-1.338023304685779
-0.6573555414619374,-1.3188778504441268
-0.6511976450404431,-1.3207124191720754
-0.6470396222995047,-1.3071590405873232
-0.6443962533760397,-1.3224239998910257
-0.6349268044298482,-1.3090086238317693
-0.6267397350226815,-1.2843862656819707
-0.5759410192339809,-1.2176943165193166
-0.5690588941156083,-1.2223022395359837
-0.5681965749849383,-1.2024981954925917
-0.5665548219635621,-1.1848939827771061
-0.5524282228984294,-1.1866245590917033
-0.5443176216085357,-1.1557586440444518
-0.5375962090162556,-1.1620998089959504
-0.5135640138449693,-1.088877765300222
-0.5116342060428654,-1.0850849017950204
-0.4809445967530577,-0.9845407189076881
-0.4519022169325657,-0.8691870444321302
-0.4374346826715776,-0.8583411985872228
-0.435364910566979,-0.8345501020343845
-0.41563406547830617,-0.7552466415364584
-0.414126014905035,-0.7526152690663741
-0.41293301290928497,-0.7359470383864781
-0.3895291734274222,-0.6590003117058849
-0.38734763906952274,-0.6492376485388643
-0.35697478265242477,-0.5266395051271641
-0.3443860999076307,-0.4586494894835616
-0.3432419136640057,-0.4665008428801355
-0.3329972099067424,-0.42429436341584786
-0.324533295907945,-0.36897182534568557
-0.3154863402701178,-0.33738141284893025
-0.30743959350816397,-0.3130268615791841
-0.29673559930491145,-0.25691890849585974
-0.288366718354629,-0.22789597441955906
-0.26114360483160937,-0.08481855677605547
-0.2589970139335378,-0.06660854167914135
-0.25524480764010526,-0.06377700074226415
-0.24992708842074496,-0.060362159611671976
-0.2363037137639381,0.04413441476505979
-0.20151626752555885,0.19540133732953796
-0.17247838644461488,0.31730096904807736
-0.1654952010191737,0.3440094535554712
-0.15630009194781636,0.4053395051434332
-0.1528800039855307,0.4016091368148143
-0.15268971660263553,0.4008241933067852
-0.15108322914132621,0.4337484773249123
-0.1068053101487143,0.5930712091155659
-0.09621625915114951,0.6476732234353019
-0.06721199552876911,0.7682581062327837
-0.060091298019306905,0.7974422000964118
-0.059491383521359964,0.8057741880818753
-0.052649782459303296,0.805812356972439
-0.039690929653689366,0.8628516549190162
-0.0349122167179754,0.8749192929598985
-0.025852524923686282,0.9017624767124662
-0.025559826631020854,0.9139049214134412
-0.01798059746031999,0.9312108772164605
-0.010520821872206376,0.9464213586486567
-0.00843759532117705,0.9697106181424417
-0.00271219278765944,0.9657997535722974
0.009627599371583528,0.9998696194368124
0.011851407166468597,1.0331589761149846
0.02138933877694793,1.036672138360925
0.025882187644292287,1.0447585853832437
0.047631290408279625,1.1056437638016496
0.055160796150467206,1.1422230670120925
0.056895647061946164,1.1293931963644288
0.06022693709686067,1.1335794709717388
0.06925393587228346,1.1421625477522686
0.06977140965414907,1.1638638984495218
0.07112314128504593,1.1482079434172885
0.07686388141578249,1.1763715658792258
0.09992910197469307,1.2171170853223583
0.10052306155895252,1.2067259567855002
0.10130867007415212,1.2116297662049287
0.1254327131583013,1.2517170009326213
0.1511117733649714,1.2855852833538661
0.1517784988882953,1.2814131863224154
0.15261333779122843,1.2824571562884814
0.15446838449178557,1.2791035331000777
0.15939062539148008,1.2907665601807545
0.16018127845144647,1.2916881593029994
0.1707369665570173,1.294119058369553
0.1878111347777338,1.2925506429850844
0.21929240204280642,1.2995290855526154
0.22774308437507162,1.3043834946319512
0.23690342771246442,1.3211296198041838
0.23961007396360934,1.2948669861355144
0.24426134483541606,1.3000084996292167
0.27744089164381336,1.2825209809876434
0.2957304511972172,1.2614538489419251
0.30385478140182,1.2419547818442511
0.3388872755918202,1.210126644936254
0.3518704286700194,1.1764607808935983
0.354341937085322,1.167130707302683
0.36373047405160097,1.1569186508948648
0.36695296055937376,1.1438053618817972
0.3865858359886998,1.105541309816297
0.38700443823610176,1.095065087247435
0.3888236490214041,1.1034286613286182
0.422541807733948,1.0176808609982744
0.4237666874210362,1.0214494098415672
0.4342855026091037,0.9828045424806623
0.4442088961825892,0.9619644750296424
0.44781384402599933,0.9353045641221857
0.45604283714123284,0.9262432942847922
0.46855824601212426,0.9054718934010824
0.49615824340589043,0.8263175613855448
0.4973420937624198,0.8193921793248751
0.5040982629508086,0.7959481892923618
0.5090684621290462,0.7825177787562012
0.5102064800627488,0.7907189750424838
0.5178528594099854,0.7703462631278788
0.5179473170667457,0.7585274879705962
0.539781810445751,0.6919733778790293
0.5498008973567519,0.6825922194748663
0.5538980259256157,0.6534787075944852
0.5728096023970455,0.5923644661934542
0.5736729745909237,0.6082852167308712
0.5761013391551559,0.5831339500968636
0.5834054485550215,0.5809457156281628
0.5850945381206651,0.5859312681815486
0.5861204884114688,0.5618455143956625
0.621355103210119,0.47730468063471543
0.6421382130024949,0.4093153723477036
0.653867914337873,0.37061908441230285
0.6595348481986827,0.35508107844085185
0.6635281566474465,0.35025152300817797
0.6671821130141318,0.34444250275518074
0.6747220580625051,0.29862522968285815
0.6833918066656253,0.3076435030709384
0.7072736570738538,0.22534189627917245
0.7195155342083428,0.19703622500987433
0.7208229122117418,0.21141640399892564
0.7277621168461526,0.17833312764393167
0.7366607715934625,0.18086565231756704
0.7437671024958616,0.14639622376751704
0.747985897696867,0.15830130511240717
0.7486660090182671,0.1273314356372883
0.7531919278601276,0.12537221637524032
0.7651456318572558,0.1040441800175117
0.7668459812591513,0.11991379736311653
0.7713820269008309,0.0956102125106109
0.7886158071761891,0.06841873509056827
0.7919693592306079,0.05575492854667245
0.7936263461870672,0.05428331538239139
0.8143502439719565,0.008804128727644554
0.8182798217042269,0.00014566804197845527
0.8343684274309631,-0.014057592849172991
0.8383666671136867,-0.008081723300347822
0.8397374418341421,-0.01118658495111548
0.8423478274563836,-0.010579218770234837
0.8549514657956871,-0.03706414240571073
0.857047837875994,-0.014135939971384046
0.8604652398428501,-0.053596007853437835
0.8675016990300621,-0.03452956325643804
0.8838964669828897,-0.06373756564067849
0.9049429722392937,-0.09724369489965384
0.9292111732605761,-0.09096500861529362
0.9303544054932136,-0.11758515518333981
0.9318190664944836,-0.10109777631217191
0.9422854051952534,-0.11849285305758506
0.9501036444581379,-0.1112361098365267
0.9523701637705004,-0.11500410907131302
0.96217511920287,-0.10701041197599291
0.9689279312948109,-0.11259547750983759
0.9693455324177087,-0.11603063249053065
0.9720323973792393,-0.12619044019088232
0.9742797721364997,-0.11207408357585508
0.9834094341812119,-0.12039192449001135
0.9849743551392969,-0.13957300403979342
0.9920414781750129,-0.11748911767507735
1.0004840684689054,-0.11279856281204648
1.036192278851634,-0.11244454061326006
1.0717150566952016,-0.0966398174551717
1.0916025854425468,-0.09212395514955489
1.0976341957727893,-0.07418102202451433
1.0991643543106653,-0.06925018431309397
1.1122815528620773,-0.07559243323175517
1.1201904622418555,-0.06659276878235451
1.1266191173112228,-0.05584931305186574
1.1394904561901367,-0.04923413369838336
1.1482695506283127,-0.04346080226732079
1.1692407359005452,-0.032065755572171284
1.171757041045698,-0.0235127047231571
1.1718231656741676,-0.013494935164585185
1.1809694426208974,-0.0021680804659979036
1.1898519068428435,-0.008726552021161335
1.2023530979534103,0.009470252562584117
1.2181706224492697,0.03098669599801357
1.2398191697651626,0.05437010134137547
1.2526547692873402,0.08547648003653083
1.2572928040176485,0.08591172645757739
1.2590916847482028,0.07945857465686243
1.273782120417156,0.08298024179474052
1.296389333986406,0.09268849255804887
1.3369257483479533,0.14362026708648712
1.3431128761236515,0.12392044362248031
1.3577432632301436,0.13959023858029057
1.3622210719471735,0.17012370246526703
1.364074659896862,0.14124657152847084
1.3700446877777361,0.1654460356279642
1.3881341577911908,0.1891868804098571
1.3890637047481134,0.16201742094622307
1.3910930387765532,0.17576474045673135
1.413136676927909,0.14649624056247523
1.433676905913198,0.17424154901037564
1.4521026304360483,0.1606913515434599
1.485407827622307,0.15281563222759953
1.510616844923204,0.14342109932799013
1.5117191081642103,0.140088220328079
1.5230064915558659,0.1324886632649569
1.531388407831404,0.1212036556100102
1.5320702479688277,0.12583309028887923
1.5324891730306849,0.14211425560150923
1.5972069551237844,0.059590215075615294
1.604542274291731,0.047619455291148215
1.617899905673287,0.019794908459899768
1.630149586904671,-0.012450061212313327
1.633674515449214,-0.022096138274765954
1.635401562940599,-0.009488674615266854
1.652068720091286,-0.05887639058274015
1.6558071159269838,-0.07802954613293239
1.664884472812055,-0.0631876595690589
1.6715994789476927,-0.0974539389776202
1.6764161476321382,-0.07244262322675062
1.6885069226553897,-0.1305248578354569
1.7222206946271594,-0.1983416205720185
1.7287535926975792,-0.22438005118476392
1.7314340129786565,-0.2118797935696622
1.7317110588135893,-0.2282128352000283
1.7399858755530584,-0.2535701113422053
1.7411945499033665,-0.24575902659641619
1.7478623559419306,-0.2749001507194079
1.7499652546079858,-0.28181904165601473
1.7505464821389847,-0.2621837315696808
1.7609488002010698,-0.29135112086511283
1.7707553264416322,-0.3167627693208799
1.7747988721521457,-0.3505146145026562
1.790844274675595,-0.38708363370824417
1.7994424275604928,-0.4297080110136232
1.8277341465882238,-0.4854929736750875
1.8297760115519779,-0.5125353280176964
1.835011807632033,-0.5275072318927535
1.877822140514052,-0.6351978376106349
1.8857880606937556,-0.6581943178088792
1.8966377676325088,-0.7081251406611039
1.9036637989267025,-0.7117890909094774
1.918260178166852,-0.7658306649693128
1.9256082557730734,-0.7669299338731145
1.9264927551692281,-0.7996096360797857
1.964641555821217,-0.9077007916972938
1.9838914624622586,-0.9453485580232497
1.992832007909188,-0.9704490320782536
1.9973334545177392,-0.9829771684634173
2.0056425764043304,-0.9989221146196455
2.0097377285497657,-1.0134105644520224
2.0173043218244233,-1.0356472684273836
2.0197801301854916,-1.0525020273977534
2.0243441518391494,-1.0722597077959615
2.047710720820591,-1.110593797848927
2.048060031109763,-1.1062032351988553
2.0663580254665534,-1.1522124946102976
2.0725078701884216,-1.1732161904231546
2.0922518117968387,-1.2039616796880122
2.101148228669807,-1.226604697857116
2.102117875575029,-1.224244694085982
2.1059543299353143,-1.2172711397832674
2.113399933891963,-1.2377351285462568
2.1207991127779007,-1.2430576170728995
2.145593442067267,-1.2751487676651379
2.1582980228038178,-1.3121803363376303
2.1610503596920143,-1.318624555350922
2.167613739961867,-1.2974990521864427
2.1721184534251323,-1.3104017833518957
2.178476858573646,-1.329716980338898
2.1785498106497334,-1.3192674581802606
2.1937218098782285,-1.3061282249201296
2.196899599594752,-1.3029913769799901
2.206304242451427,-1.3324793500392815
2.216758055225114,-1.3398824992640974
2.247980963547352,-1.3142394594800524
2.2609898780991333,-1.3200780952946518
2.273399748535483,-1.3156500420355748
2.2741352456319897,-1.3243602205692915
2.276697203855594,-1.3227063541811244
2.2767546201723787,-1.3150503293016857
2.289709589455925,-1.3256276908071942
2.3067967633289754,-1.281674547050093
2.310786756821356,-1.2976002273491578
2.3194135252991117,-1.2555663228291152
2.3235980244990486,-1.259137166967837
2.3313810484089146,-1.2407185591481418
2.348870382515842,-1.2304721177586504
2.362101920501588,-1.2042650918511424
2.3822106858979435,-1.1784371665703754
2.3880643068680882,-1.1648809883105087
2.389184059354381,-1.1454738506999143
2.393351959468929,-1.1431450707496247
2.3945157401242128,-1.1348432139217262
2.4030787737004538,-1.1184791745745675
2.406068429469629,-1.1151566755370765
2.4237981217361817,-1.045891466017269
2.4258942029757025,-1.0443126178205357
2.4330803163730224,-1.022968270938267
2.4513852114183283,-0.9755045591929923
2.4541728269439513,-0.9794979190414033
2.463117866859914,-0.9358864753078528
2.4723459925128486,-0.9315712750897914
2.4784034152387004,-0.8864332315287629
2.483749851740039,-0.8892828960258156
2.4974371860730322,-0.827006005337114
2.5082969931413777,-0.7856944020648502
2.5134032671162556,-0.7462052784493383
2.519984564197948,-0.7291796558096356
2.524041793131885,-0.7194397953036662
2.5367819325323246,-0.6622671149415033
2.5409799033050273,-0.6509776648250918
2.543860780942712,-0.6267336635763004
2.5573400694463233,-0.5928010344307957
2.5580150045578174,-0.5766962851210489
2.58980146576293,-0.4517577813137575
2.5910748254832106,-0.44362646438369885
2.6018749695432843,-0.4042386723160656
2.602241542594216,-0.4131786004629844
2.6231093799710834,-0.29534553273373165
2.627406386954436,-0.24609719197218868
2.6338738547060494,-0.24281778869233467
2.6423594038028266,-0.21300638427683122
2.647707918072201,-0.18553106781116657
2.651594183000901,-0.1648748409042328
2.6703640943462714,-0.09280323576345931
2.6725593196470214,-0.07061933784066161
2.6988049246771117,0.06814491071398282
2.699954310494924,0.061321300137344326
2.7066459588162974,0.0877998794243637
2.716515699126658,0.11988207050745597
2.71733262509386,0.13102733643798214
2.728816294873191,0.1897631628043381
2.731883579320444,0.20168841332052384
2.763313886566827,0.35691953801377657
2.7758668319871935,0.4002893827520775
2.787812782620259,0.4769661256948652
2.7904111212777636,0.47627785817037815
2.7955250781629326,0.5054935776489634
2.798230842959133,0.5077356264256802
2.798433517764572,0.5143942884994256
2.801850341775806,0.5125949550769211
2.835230587550111,0.6603536440968766
2.8410945412399338,0.6560497228932111
2.849917786415711,0.6995238451889011
2.854112510190853,0.7411278402910096
2.855660669328543,0.7379316168927056
2.8686205888844505,0.7804381644146202
2.872454288251837,0.8069964049114201
2.8745517987142977,0.8171910971572981
2.9050507584564533,0.9174117748416493
2.905258552255452,0.916748532677696
2.9130696675323176,0.9277097164431053
2.9206616553445635,0.9489848134304939
2.9238479383113694,0.9754383133879686
2.932088070419555,0.9869169443776421
2.9444961645257104,1.03037803934335
2.948385715081219,1.0398686291417427
2.952837860664337,1.0597244950811266
2.9616024277964934,1.0674358903843453
2.9700841177016644,1.0941141839601114
2.985112897897338,1.1432640254108801
3.0051978437021667,1.184406461413042
3.0087386542943033,1.184287654998304
3.010493698009542,1.1746304599166297
3.0362729186800657,1.2200853423388303
3.0417084502551504,1.2353344757392344
3.0538918228148138,1.2550956835103695
3.066847273506461,1.270952532427125
3.0698848729774113,1.274574009796346
3.0844004519818,1.267801261080832
3.0852292163433326,1.2883702869115552
3.088344004463398,1.2968166024060845
3.090941809888223,1.2988305761741645
3.116975221868776,1.3072129056917674
3.12120802223307,1.3018185484752358
3.124842968966078,1.3105551285482395
3.1390336790979685,1.2933625860635793
3.1541462203826303,1.3054714475301155
3.161870956282293,1.3099443418239076
3.197536973941933,1.2821199378510633
3.2166544195940396,1.2743450543167951
3.219571696195528,1.2468983369846292
3.2393884300933564,1.2448715248728266
3.244280120847918,1.2079233097128301
3.2619007099611768,1.199428164272143
3.2644370062648704,1.184707854896428
3.2711711306392637,1.1939357851076442
3.311954860131113,1.112641370077701
3.315858015065455,1.1028006096324496
3.3339136278229873,1.058156148973818
3.3605424662897985,0.988942542676501
3.361260974922107,0.969321794088371
3.3704519926412644,0.974727326323455
3.3765446600085767,0.9644699721911522
3.388838793569473,0.9194557632254696
3.390393924136543,0.9126263904413173
3.4080402265340144,0.862180489392006
3.4144028631211203,0.8511688595138179
3.417908369329501,0.8429769205909419
3.418315591962127,0.831275303200512
3.4272418055822396,0.8113396815631164
3.4621843928187843,0.7354269665771955
3.481082156663767,0.6579040576118311
3.483667740779998,0.6330253493394853
3.48848052008592,0.6511561891189228
3.4953840432142087,0.6194740254407495
3.498172146989342,0.6194716897839315
3.5071120884920113,0.5830375464316884
3.5098316397943137,0.5805682034684386
3.5158619089934096,0.5468184064173846
3.562908299427667,0.4296771703450123
3.5635352977723347,0.43511582316855524
3.5780713472717913,0.3795779330670293
3.579362688590992,0.39974686234482465
3.5883716304705295,0.3871828884131406
3.5920105118550953,0.3440610773103187
3.60902086275229,0.2961724388403029
3.612209196928383,0.3102642649681295
3.615848718156263,0.3032891120615415
3.6260380816077724,0.26095655259915135
3.6274183625171545,0.2701538102781291
3.6320670152338845,0.23491470971249653
3.640463972814933,0.2301306345740889
3.6540713243805847,0.20132021626374416
3.6576343354700054,0.1898758341817369
3.6601167180777754,0.1859287872477213
3.665631096969964,0.1548555566566387
3.674140014730151,0.14355812549640368
3.6747765240519197,0.14565619997793344
3.676389138330805,0.1362993487280755
3.68641751743227,0.1323912021853621
3.6940710841217133,0.11236385750781955
3.696247859791521,0.10588896147975536
3.698186339631393,0.10031030491445991
3.7029956207498955,0.0750070135315541
3.707828739097277,0.06942320845052705
3.7371792204239043,0.047818576938892715
3.751303433786086,-1.697826459433338e-05
3.7632478476800575,0.01239927242158749
3.7838012619355137,-0.03085338913807586
3.786351897387245,-0.03470973850804385
3.7885328290819427,-0.045991438709050016
3.795330456062832,-0.06722005810836051
3.796645427348343,-0.04643843901673988
3.800219779641939,-0.04188844396018204
3.839280291933914,-0.10130068602624222
3.8423812773693253,-0.0992503635877176
3.845102480346167,-0.09192248754911712
3.873241157821786,-0.10339376515441683
3.8772002548271995,-0.12147848912594435
3.925036286487103,-0.11603348368896695
3.9277644280504127,-0.13339157849520203
3.96130541608324,-0.11305326635030134
3.9735474619303073,-0.12497138337185396
3.980703186045382,-0.11367420145087803
4.002902549769118,-0.10155247901553795
4.008693083863442,-0.09194510059274319
4.013395614599274,-0.0792380043684236
4.021925133709324,-0.08636722173425447
4.027038261165833,-0.09704844666882877
4.034616775993278,-0.07878290583079656
4.035851469376764,-0.0684480120855738
4.055815122445427,-0.05709901953509519
4.060835496163964,-0.037604802268420306
4.070844319737706,-0.03065791145163219
4.081570214441349,-0.030930568783618877
4.086162449386698,-0.03177752153539877
4.086843595251306,-0.029228061393165264
4.1226888476907995,-0.0026839994313556164
4.1283444305692605,0.008352915283891722
4.131842967367737,0.023420471196728083
4.160681625789856,0.03595883512263751
4.167222824323225,0.057796745474105946
4.1848025753447615,0.05658493596306536
4.185023345558541,0.06497988713310016
4.186430984734171,0.08275870791982459
4.187718034286352,0.06295352592481863
4.1883657673785475,0.06534724616580659
4.214961802063446,0.10252034416949446
4.220035360489495,0.09478502542309503
4.226354403735524,0.08837835520316976
4.228730482176857,0.11108348755778583
4.248410488748863,0.12122528340769266
4.253225332922696,0.11243523151902483
4.277509114115805,0.1519431847211117
4.280975548984479,0.1355509621322751
4.289598511766137,0.15004397707447592
4.29237582813211,0.1399502686329616
4.312449583690446,0.1550221825437357
4.318873296432148,0.17357477180561331
4.337699647430496,0.159873084825028
4.351445893439937,0.17298766108820354
4.354032027602763,0.1643538511636969
4.3540695216000245,0.16501596537450153
4.356114046836957,0.17728602589545514
4.360484363295061,0.1711372395654805
4.361691812852319,0.1429182422590088
4.36532983641608,0.16187085233252718
4.376118710201171,0.1561620181644326
4.376400167244597,0.15954547307847014
4.383868825920555,0.15615027203017862
4.388135526005376,0.17237064824179543
4.392717256303435,0.14821665753410976
4.399380715895745,0.1549833973743749
4.399886019070525,0.1600273444473298
4.4144393401344075,0.16999170392628415
4.430897236281746,0.13053344344718293
4.445718396252074,0.13551382756475797
4.456573992262555,0.13728781630335293
4.46266420413397,0.12391019637632733
4.465569685289129,0.12952740752399564
4.475770188249578,0.11302224906685064
4.482848560583655,0.11163926536998336
4.519627702479365,0.05075494914844239
4.523507035042375,0.06158316448105775
4.534255220499126,0.02292934090264171
4.539250067950146,0.02262010543741645
4.548304458092144,0.013824271776639219
4.582993449702386,-0.06189759223267613
4.586803488949878,-0.05630491838521728
4.5879023017803195,-0.05098153961722937
4.588596313228374,-0.062344159884162344
4.58881975456036,-0.060962932820565606
4.589603986179821,-0.06195275469636101
4.598757941281196,-0.08791708901246302
4.600727883231865,-0.07870717091490384
4.605241077988833,-0.09352958546531544
4.61506366627985,-0.10608055853847814
4.629929048410071,-0.15514739000377498
4.63749459497307,-0.18320309021833997
4.639955046258473,-0.16507154159732013
4.650929549117992,-0.2059830233823305
4.651023153701715,-0.21405468975213868
4.681384119689268,-0.28086347518778515
4.692859710179215,-0.30709373973385573
4.711226887984738,-0.3599572527320075
4.719792239325454,-0.3792203412420696
4.720316093435745,-0.37609041299163926
4.720394980890051,-0.37470601295654166
4.76041041789836,-0.4978858158597488
4.782534112710966,-0.5635515504915333
4.801730036481359,-0.6378207804717756
4.804935982465219,-0.6506720457150886
4.805557337090823,-0.6412391292260182
4.814274499369857,-0.6608967319667957
4.831657171520636,-0.7204677897783043
4.83502289071015,-0.7294670588507967
4.88522727959854,-0.87760962022139
4.886268247931184,-0.8830372517446405
4.887215538045508,-0.867872341463283
4.897976532940152,-0.9118297730447998
4.9235502974030005,-0.9828538126003618
4.933937731708955,-0.9980262013641142
4.937294356324834,-1.0135414330987007
4.938655393561014,-1.0363899051434171
4.945087709606206,-1.0262587175102105
4.947234583787921,-1.0416487508184828
4.956354424617601,-1.0958433515249275
4.966582867945675,-1.0850935568655842
4.969405141644582,-1.0877322487410361
4.972586546791225,-1.1106831101007684
4.97416247792955,-1.1030119882927154
4.979581361289066,-1.112136594780469
4.980296290510097,-1.119569078858606
4.990514855042935,-1.148341141228491
4.992309415422175,-1.1471969165419913
