n_harmonics,base_freq,magnitudes_0,magnitudes_1,magnitudes_2,phases_0,phases_1,phases_2,instruments_0,instruments_1,instruments_2
3,1.774070477872647,-0.4686945992620544,0.28146996597652935,-1.4096668414075506,5.649786650823883,4.891299434261809,3.112468961999048,sin,sin,sin
x,y
-4.991950197621677,-1.5052094658170212
-4.99180121289508,-1.5329573048162595
-4.990010799756222,-1.507912650721529
-4.977361437775731,-1.4711076021641063
-4.975297765290817,-1.4296151828547872
-4.964114815322338,-1.4139580265937912
-4.96229542323624,-1.4168201487276826
-4.953311475177688,-1.377711000171366
-4.950773899070865,-1.3797996433150528
-4.902556791202624,-1.1313589727994962
-4.8650953307940785,-0.8640968704451129
-4.862301085005333,-0.862545265268263
-4.860031822486359,-0.8459241802039255
-4.849731346826721,-0.7751355049017494
-4.845466119519254,-0.7213311284622225
-4.841931277695174,-0.7018022117363797
-4.811277312606594,-0.4604985717176345
-4.808955082193527,-0.4478515184028387
-4.802615138715181,-0.38019747094383033
-4.792142967814991,-0.2941881759690346
-4.786949712428687,-0.24051760525474974
-4.784878553317555,-0.23248907904776442
-4.732274586837225,0.24568562449779405
-4.716064926291173,0.40102317298344337
-4.714167598464098,0.3998529264733335
-4.714152363913241,0.40810570760593945
-4.711452159777804,0.4267847709912236
-4.7105820133406215,0.42658211269427493
-4.695267794581004,0.571885543290922
-4.690805057486365,0.6187032716782696
-4.668627397865773,0.814189290135641
-4.664182973076136,0.8608682537267375
-4.647976884380638,0.9752639542441467
-4.647688891280327,0.9844016591937025
-4.640068611310451,1.054146742028716
-4.632951331512104,1.1044296154140745
-4.623880313627739,1.1728100801744374
-4.619389381144611,1.214593585057395
-4.614601548371705,1.2483537992823914
-4.596140611216935,1.3800443995885916
-4.588144540162134,1.4196265988151875
-4.586547397362475,1.45798992043176
-4.582498416383052,1.4777037941462714
-4.55530447910586,1.6248294014214912
-4.549570227683014,1.6784308711113352
-4.549334763770309,1.6760691935944851
-4.519591175151522,1.8366958554833568
-4.519475556303782,1.8077684525777473
-4.5006524607419145,1.9083682326234046
-4.492928741331167,1.9334229759201116
-4.474133938897863,1.997881277449457
-4.468957736691721,2.0067525064795952
-4.466253722328269,1.9988075230650744
-4.461951557538486,2.0266100469872823
-4.447081700624663,2.042004709882436
-4.416764573351596,2.085447267933836
-4.407747228734639,2.0523504637172545
-4.333613561623608,1.9316893581595955
-4.321390541140905,1.8746401094495424
-4.310291669397753,1.8168991210935226
-4.296354989277102,1.7607336260040178
-4.295859062508562,1.7659928428417129
-4.2775434069011995,1.6659683274615247
-4.2613644615537885,1.5643127726194452
-4.26012461198599,1.5607186216790252
-4.253386942359124,1.5293984057482906
-4.251426677190656,1.5173331476466132
-4.242579527220282,1.4579243412272966
-4.241223785011615,1.4441499996421836
-4.227820971944711,1.3487632926566582
-4.225895159181484,1.3534518033454168
-4.182668461091458,1.0149384906310082
-4.165498292417389,0.8646438687923449
-4.1596847309301985,0.8304350527481855
-4.157922361090218,0.8339707852574665
-4.126855845208528,0.5599760311834555
-4.113549406385122,0.4671214098744311
-4.096737105789629,0.3005585431644923
-4.089548853802395,0.2523594569218584
-4.087051605813976,0.21927998632544576
-4.085689795256634,0.20737405390767236
-4.061807526614308,0.021218891242214627
-4.056792792270853,-0.012339348469953748
-4.042269431027968,-0.14722385986719172
-4.036913736117567,-0.16598335865031805
-4.033477184961194,-0.2100407558415149
-4.031188912040332,-0.1997979010822511
-4.018637848916446,-0.30757156142769343
-4.015768339751579,-0.34382584875304173
-4.011115258576038,-0.3784668212071452
-4.008348176436138,-0.3882374058985052
-3.987113334462876,-0.5251128571667992
-3.9703726350096415,-0.639290538992165
-3.9569478258064117,-0.7326685330049325
-3.955203491119712,-0.732984869347951
-3.943959305759348,-0.7733421167805891
-3.942050897488698,-0.7879541744261818
-3.9384633187507423,-0.8277017420317143
-3.936771456674183,-0.8353648629123969
-3.913912836369491,-0.945586610081282
-3.90197925629461,-0.9854801754596277
-3.8951630111940627,-1.0229922035499888
-3.88630181983134,-1.0353560638138075
-3.856019508800399,-1.1319118557704195
-3.8373143928623255,-1.1563874916586194
-3.8057232618173176,-1.1916648556458154
-3.805187938173653,-1.182414711669143
-3.794903352027361,-1.1796029263128651
-3.792984064818615,-1.1917227788078888
-3.7822502371364775,-1.1807371920803809
-3.757112935418776,-1.1268423800569278
-3.749633444302325,-1.114329910686977
-3.7378856828713047,-1.0954928752291528
-3.715157437462453,-1.03109190025984
-3.7025618776116787,-0.9782107165341604
-3.701230757286419,-0.973731661736639
-3.6845453384054205,-0.8956553532624322
-3.677007356948254,-0.8696248950309775
-3.675580542474368,-0.8637768300597575
-3.673683397245232,-0.866198741896783
-3.6705261205488746,-0.8276840976638987
-3.6665182447275213,-0.8147894231457755
-3.6659249198480492,-0.8203652793991998
-3.662139687437201,-0.788273263380402
-3.6585110862455883,-0.7620549447735749
-3.6502158107783202,-0.7043540206035579
-3.6469837586298945,-0.6989380584903402
-3.6318245551336927,-0.6250620702443014
-3.6315717421612668,-0.6308598152950745
-3.628285224267467,-0.6017559708966378
-3.6212570168209557,-0.5620504601553208
-3.6057362903007775,-0.4800616636910784
-3.5976158779652767,-0.4087099768287407
-3.5968481667022956,-0.41258882492114324
-3.5947190143149275,-0.41845997042408745
-3.5866752205648122,-0.3371180109714108
-3.5831611369370773,-0.30218979171971583
-3.5632681964836186,-0.1751773195860831
-3.5523325692183514,-0.1361390569800447
-3.540734410028209,-0.02443539430359696
-3.5389511467706223,-0.027284456035001157
-3.528746100579383,0.04979992978895603
-3.524784780687461,0.08907921680029542
-3.515706242219332,0.15906377004194439
-3.5040808758856548,0.19360239962198292
-3.4974161481470514,0.27869044347589833
-3.493990259256581,0.30151340949822386
-3.4914219210719546,0.3035834280990217
-3.485937674116084,0.3503112631767276
-3.485710319366755,0.34516653786396234
-3.4848438121924117,0.35982029681438715
-3.4799435164110406,0.3852203847685153
-3.474722053275502,0.42502906279749214
-3.447366948863322,0.5993648276017705
-3.4433554143262213,0.6350210909310432
-3.437825370441101,0.6708590990261667
-3.398792213955292,0.8958718915677061
-3.3847680016891504,0.9610898909227261
-3.3718014921953223,1.0249856784568818
-3.3481117577167465,1.1378677889108317
-3.345776639570336,1.158609466035759
-3.3445565049809076,1.1466966313760847
-3.3415456764415232,1.172518070037102
-3.3355528109823074,1.1946075568632804
-3.3343376349543927,1.1777022153830516
-3.3220936198912643,1.2202239140187914
-3.255998172526228,1.3744622107642264
-3.2493910950535665,1.356905732099828
-3.245023249595552,1.3664655786385924
-3.241984457644085,1.3708887041516105
-3.2343009011141133,1.3463793450855397
-3.225568760142945,1.3635277723878874
-3.2061906211005207,1.3498113681062032
-3.2009578351471824,1.3452795635632653
-3.200014081480538,1.3371855858387243
-3.1826329988851807,1.2924188459383532
-3.17670880243866,1.2946875781348852
-3.1540769726456586,1.238262171268266
-3.139091407426994,1.1815325950056585
-3.1330472312877324,1.1507746886608192
-3.112700565177394,1.0541469164581885
-3.089526959005121,0.9417871973320705
-3.083952600390961,0.9140780141765822
-3.060695288857601,0.7908361632430576
-3.06052175138673,0.7925661019132846
-3.058244752462765,0.7899527866058721
-3.0580135664969466,0.7665910987110981
-3.0511627008211626,0.7349795285959736
-3.0495681595184596,0.7099134004997407
-3.043012480300764,0.6605451461269362
-3.0355975242053255,0.6196315857030305
-3.031705850258967,0.6110257772266752
-3.031585334509982,0.6155095078917165
-3.01268013124669,0.4935576321752505
-2.995727643156231,0.36645867419685263
-2.9955722861879264,0.34863967393243883
-2.9706110192363058,0.19048472529810312
-2.9457276013595113,-0.015043280922140393
-2.9358137387229375,-0.08203928254547743
-2.930024835597138,-0.11631646457093316
-2.9288743487826085,-0.11605081618067023
-2.9247309649485107,-0.1799222951576564
-2.911386882887721,-0.26847047050336015
-2.8784384070361257,-0.5125604854197073
-2.8660075139789285,-0.5974963859212148
-2.815667015366583,-0.9209677448001986
-2.793227327381037,-1.0557587448276562
-2.7893825956755403,-1.0881099563518886
-2.7821942652423424,-1.119836768532856
-2.7807387140030047,-1.1441542159711173
-2.7802471526779584,-1.122667704047537
-2.774959252768041,-1.1616057109374147
-2.765639757157612,-1.1923909258044376
-2.763028410846553,-1.2156350667257776
-2.7542591151324824,-1.2573433847631306
-2.7538732003618405,-1.2621984910079065
-2.7515355458392285,-1.25218844997227
-2.7390596903444173,-1.3105960868306088
-2.7381271067722635,-1.313583330986563
-2.730320943934829,-1.3515847187601628
-2.715120196986195,-1.4216944308155108
-2.6928715661068328,-1.4548227899159796
-2.6837340139137345,-1.4857869591217396
-2.682033012445965,-1.4782458275802928
-2.668174987155796,-1.4913571205432032
-2.664782876847087,-1.508856391553188
-2.664316678296882,-1.5052621026243815
-2.6361655603912446,-1.523373967444369
-2.6310621194084893,-1.5210357068849305
-2.6197819579578088,-1.4999737922738214
-2.6187092420109614,-1.5246444544714257
-2.6095453392154297,-1.5158383690450712
-2.6033221815822296,-1.499193173035867
-2.598293721122802,-1.4944587060899583
-2.578507961350377,-1.4710325350973985
-2.5614197989662326,-1.4269100771455676
-2.558983747156467,-1.4262792634499915
-2.5547114353689135,-1.4180101142621546
-2.550828983880069,-1.4134000932587305
-2.5424444390850223,-1.3703155970410117
-2.4854371661903283,-1.1382142631649244
-2.467201024051706,-1.049429985769501
-2.444612118014838,-0.9256249763846973
-2.442185553086098,-0.9083038453404897
-2.441539583079535,-0.9017964280199496
-2.4341654225988627,-0.8824089053128635
-2.433672561058705,-0.8816012883614543
-2.429382739409087,-0.8304098184438332
-2.3845380216991883,-0.5500024594400187
-2.384270819323979,-0.5559756227506885
-2.3730995918979048,-0.49066973421366267
-2.371632569036668,-0.4752388585237721
-2.370659504961062,-0.4638507491808054
-2.36160244673982,-0.4429876969190784
-2.3594718108037527,-0.40951092684257145
-2.3493432340367484,-0.31876855311023855
-2.3487345654923955,-0.3323697295319901
-2.3465910038601177,-0.31037497288809257
-2.3465422609181976,-0.31389285620618573
-2.3415563499766767,-0.2922652937082858
-2.340261151533587,-0.28012258192645256
-2.3378272660074018,-0.2590109842333606
-2.325700067213494,-0.18775258456206792
-2.3062055984092833,-0.057017977261599795
-2.291613313185763,0.033679926655825726
-2.2887555753702307,0.04349610242738593
-2.2886419022490223,0.05950443880239123
-2.2757847850095003,0.13167319435669528
-2.2455458407527926,0.2840193094577181
-2.2196637690618912,0.4337628571929028
-2.2189534630600463,0.4341742657453238
-2.2161802987650994,0.4524042240489356
-2.2015190982353294,0.5086471157361129
-2.1836387955131196,0.5732944366116186
-2.1758500049128493,0.6145948807044218
-2.159652723072777,0.6845163207900012
-2.1593517994838685,0.6617069907977792
-2.148588885402387,0.6896284700672677
-2.1435973299698743,0.7061254454129147
-2.1260666537819626,0.7555201142486183
-2.122694946004786,0.7385154058317799
-2.105042803718691,0.7824804225171799
-2.0750768020746237,0.786535152343701
-2.0746332615433296,0.8042589875121194
-2.071010786612945,0.8132319685742044
-2.0610045725683444,0.8021236184289344
-2.0440026803224596,0.7964948064619832
-2.0351675976522032,0.7662542678917911
-2.0297589301829886,0.7568111731801013
-2.0273631545496995,0.7638074098470778
-2.0166517296348543,0.7480049880779556
-2.013889073961528,0.7433652439654319
-1.9842938324883033,0.6478965934500939
-1.982258525328712,0.6607117297740281
-1.9656104589553225,0.618526128573816
-1.9605285930090535,0.5825622160503913
-1.956878293950063,0.5597416780142328
-1.952814248488294,0.5494871175444686
-1.941065686246095,0.4923740436161903
-1.8870187603530333,0.22264709069116098
-1.8706115185137473,0.12472002868975487
-1.8689547971373974,0.11414292274946305
-1.86753356172624,0.1140309516343384
-1.866637734914176,0.11268443152789402
-1.865613286823705,0.0701751658175539
-1.8631255480505784,0.07214320137682637
-1.8628917100495768,0.07813254166263424
-1.8431759125535319,-0.018248367330894605
-1.8122817554116821,-0.23722192161536132
-1.81139133337933,-0.25078097296548996
-1.8031078374038891,-0.30055063893377093
-1.7957090526126351,-0.3383704554394558
-1.7827890096097554,-0.4264234451838803
-1.774784416372631,-0.4908261790696184
-1.7673998615074549,-0.5504900712991787
-1.761848867738384,-0.5877058838311501
-1.7554082988168385,-0.6264408778035945
-1.7342329260955527,-0.7373419008817883
-1.7184693542812512,-0.8600660976010017
-1.7138497001319286,-0.8748083460560807
-1.7024750451355053,-0.9526510665587063
-1.6994085701364945,-0.9745846897990041
-1.6978175970982399,-0.978967623624978
-1.6950103105283043,-1.0033240035142272
-1.6902704051290316,-1.0188574209013082
-1.6790206155210754,-1.0934145693265696
-1.6663781709485193,-1.1496067725524568
-1.6619327036552098,-1.173790630237668
-1.6582906010625509,-1.1793631660852595
-1.634797176889963,-1.2998953505022386
-1.6287071653808702,-1.3429463420994041
-1.6260056043798796,-1.3346107078782927
-1.6232302139860213,-1.3451695980169875
-1.6200972759471508,-1.3673377577418089
-1.612757043067492,-1.4049502233760183
-1.6081447218754406,-1.4011393330080368
-1.6012753340524046,-1.420475038459639
-1.5879335806308115,-1.4781077097404802
-1.5805131262460606,-1.472339225226688
-1.5785702677931992,-1.4875714422706159
-1.5738279676544131,-1.5133955344829069
-1.5733636087281289,-1.505047851650354
-1.534672749048097,-1.5825025505706136
-1.5152759567057759,-1.6059342246179815
-1.514355047284559,-1.569231458115615
-1.5109936708930949,-1.595060293402059
-1.503679030540531,-1.592141084039142
-1.5018340255367812,-1.5869368417180993
-1.501163249640769,-1.5808143969401554
-1.5000423347920044,-1.5848899050763667
-1.47946194340832,-1.5552988537365284
-1.470726821953825,-1.5437021442388001
-1.4581302861233638,-1.518289675042758
-1.4533275800521697,-1.5120904397110317
-1.4447792152680918,-1.4801614900318008
-1.4322196305754242,-1.4389270022234057
-1.431656203019096,-1.434316365688922
-1.431363012514809,-1.4568062821235221
-1.41065422467467,-1.3801702863278769
-1.4083018114719326,-1.3783379392259185
-1.3887814924869533,-1.2645940578048052
-1.3762335139744861,-1.1857599971534216
-1.3747746488533141,-1.2001806776277633
-1.3686640365507219,-1.155203560664506
-1.3680987082418339,-1.1517221367813342
-1.3523053626482193,-1.0552841521941654
-1.3293875521490097,-0.9132650188561189
-1.3222820725117757,-0.8469431830619145
-1.3216826564048265,-0.8718644371490326
-1.3097909661452425,-0.7837028982137478
-1.3071346359898186,-0.7558314700958891
-1.3047803000381428,-0.71509720451421
-1.2814495596889786,-0.5545078337481858
-1.2705370326606946,-0.46563230454317384
-1.2628290504153195,-0.39777701218673767
-1.259336891237517,-0.37459849769947123
-1.2569523234233704,-0.3512499309398562
-1.2454235865511967,-0.2562095588027957
-1.2087401153866684,0.09669800816127726
-1.2071886507123386,0.08276641175089866
-1.2026496589061555,0.12072347881049814
-1.1824794920711836,0.3059480920807166
-1.1562467654707467,0.5378197525277786
-1.1244897502326765,0.8176863498849504
-1.1244161210519241,0.8221957461368937
-1.1239690845554806,0.8354998035926638
-1.1221082422195172,0.8316414856708348
-1.1121476142599063,0.9324038435473946
-1.0972736880577272,1.054425199155743
-1.0956303747340845,1.066747697300381
-1.0745824689987038,1.2213775690396595
-1.0150349537053094,1.636247262465413
-0.9902937681099981,1.7599921388067148
-0.9847317715926307,1.7809095590124786
-0.9759113641100221,1.835506024921269
-0.9717401721049646,1.8584129547217527
-0.9612576098306871,1.8963597190511539
-0.947786116507948,1.942675360604848
-0.9354202491496579,1.9727922399819304
-0.9316259561723514,1.990619771782763
-0.9225715412996705,2.0022896196643187
-0.9124404883979063,2.0409214673607496
-0.9110360044243642,2.0358170412214536
-0.9106133380410677,2.0313875481419186
-0.908946969064111,2.0471969997812214
-0.9056973332799956,2.036759216519058
-0.8984412864893896,2.0535428205860318
-0.8938864317736792,2.060819788854124
-0.8937813392106957,2.0647198522579706
-0.8815433681533555,2.055489318205804
-0.8697957890947645,2.071421453979448
-0.8674476247067435,2.0625541012477124
-0.8433825223808693,2.050905246946277
-0.8310683299133199,2.040555209424446
-0.8230408804942968,2.011159193452622
-0.8223339812565023,2.011689973067768
-0.8184539584829853,2.0133071307445496
-0.8112302624407928,1.9805056034211528
-0.7789595615500478,1.8664032192883127
-0.7298685423839171,1.6362967211647987
-0.6826497885122551,1.3405002690651375
-0.6810495294937837,1.3091895455073166
-0.6792654104100224,1.3169946296301556
-0.6660614449130042,1.2013873877979766
-0.6485546614021782,1.0785551409304799
-0.6466572962575876,1.059250553765665
-0.6376719652404441,0.9924138188503783
-0.6339767193329457,0.961890638425467
-0.6178149664627464,0.832943227249545
-0.6176528453518575,0.8196793845724661
-0.6144468307962008,0.800779504684943
-0.6070296142520482,0.734433670057454
-0.6052771404664972,0.7255104627927431
-0.5623652691227008,0.3722585075999575
-0.5584116462315905,0.3144293547367967
-0.5492271463877696,0.24514772298903245
-0.545302426288508,0.2252973681613607
-0.5393878798973439,0.1707835424143213
-0.5123493037467153,-0.031006888039398446
-0.5117633255682872,-0.035820198313639195
-0.5064801646649384,-0.09558756105639446
-0.48630030541266134,-0.26336863997144516
-0.481128658224951,-0.27622062255982976
-0.4299771331120201,-0.6455451882693887
-0.4289907504442736,-0.6494572163819841
-0.4135011564242994,-0.7464993637319886
-0.40506093714603075,-0.7778126445990934
-0.4015142353205201,-0.782291580755963
-0.3999881936654148,-0.8093629844414728
-0.3985888539300406,-0.824212713939097
-0.38322761284941365,-0.8838217159812348
-0.3806938527405235,-0.9149489630119585
-0.37434104023684256,-0.9359454302737839
-0.3657593889887467,-0.9573367190271058
-0.3390468865407792,-1.0491984013878535
-0.3136915517655128,-1.126476374956362
-0.29766508247616663,-1.1589671794303464
-0.2867648903015443,-1.1733741223459813
-0.28076845460947375,-1.1877661259835375
-0.2664673877837167,-1.1795096068800859
-0.262174229102472,-1.190326753677145
-0.254720807663503,-1.1945704119322729
-0.25035859538096794,-1.182216442842829
-0.25012822874129803,-1.1628660437677059
-0.24124753464151016,-1.1699738841658098
-0.23476483559733374,-1.1455648712278208
-0.22342832360308407,-1.151736059863915
-0.22315286313686222,-1.1371712111571142
-0.21248789613808228,-1.1294417115293371
-0.20235105365317985,-1.0991928751128743
-0.19998862010118668,-1.117153344773378
-0.18584405750745425,-1.0766717501293184
-0.16360570435864386,-0.996585785304883
-0.16238944060065208,-0.9928666523853956
-0.1612724464173274,-0.9707596513363037
-0.1544027685596454,-0.947795698308769
-0.151171579797019,-0.9476213397950968
-0.14636726393890154,-0.926815175470436
-0.13057660319081243,-0.835129380640536
-0.1279381990462145,-0.8240865565192622
-0.1137579955995971,-0.7638422909727483
-0.07532209685949898,-0.5572175641224003
-0.06572222097483582,-0.483199518752215
-0.06020379529370512,-0.43333214326749425
-0.05584788193403778,-0.40931889956071765
-0.05238529040254036,-0.40597053258878446
-0.04887294984547008,-0.3855980076601109
-0.04277406037100029,-0.35342063740330043
-0.040408947570833575,-0.31333804837912677
-0.030941887263503887,-0.25499848568150507
-0.015045040914611896,-0.15397702628043702
-0.012811699416347189,-0.13918583623351616
-0.00610207701546539,-0.08769972603143579
-0.004838297695439309,-0.09572727770329059
0.00903738369829199,0.01357759472166486
0.025596916209142506,0.14756305364122602
0.027444687072161855,0.14338510617749492
0.031789422618468954,0.19395244581773136
0.04233978940996863,0.25332719837912976
0.0546562407247384,0.3456933019652023
0.08986290233491268,0.5918397988081731
0.09152983633446787,0.5702989178585122
0.10057639116858397,0.6414196696700083
0.10749807779111364,0.676451754535897
0.12317590442423842,0.7950393755380528
0.13954219654931954,0.8908319248404866
0.17409037980212538,1.0504222722849923
0.18576384815056102,1.1073169831337082
0.19880994767590554,1.1556627120839096
0.20510141296059547,1.1977091311851533
0.2125353122199769,1.1948743065759542
0.21849001913974675,1.2411672272329322
0.22105194723060517,1.2638179610788791
0.23722879169878563,1.294212829732768
0.23844791770235396,1.289127916053617
0.26074508565867127,1.348169089043449
0.26177843529741907,1.3443729363480572
0.2626859033200981,1.3530643325353229
0.2652167927421436,1.3172488592936928
0.2655977749005478,1.3572773164183867
0.2729160318998849,1.346691836911193
0.27376295858171673,1.329691711531844
0.28620921268896904,1.3515376518135196
0.2984484807896379,1.3638911032249992
0.31712978585908846,1.357752163468873
0.3187538420765659,1.3622741865309058
0.3271874560992085,1.3390293458603202
0.3284932612041356,1.3597422373351582
0.3352029150432827,1.3282758001842203
0.34571813214781066,1.3341870729702163
0.3462137232516298,1.3411240881662296
0.3518271934680435,1.3201582447058688
0.3611233196136032,1.2913557227463948
0.36203684564844707,1.2905366149258677
0.36393161418103226,1.286996701126457
0.369648916800287,1.2859720826962113
0.3730635919501637,1.2837073257422835
0.3742256966359916,1.2700726492969006
0.425173181271302,1.0767234820398726
0.4251825871890951,1.0791712519093961
0.4353987255575529,1.0226795498012087
0.43846703963002653,1.0170370833789146
0.4392079397256854,1.024005748721177
0.4431408514172306,1.0197643342223595
0.45385985049523114,0.9517764606082222
0.4838914443668374,0.7809267461673468
0.4890818256665872,0.7451472044288532
0.5014434794433784,0.6615921194603428
0.5124880863904648,0.6012445138229856
0.5170916070801121,0.5666886932732134
0.5460118815839827,0.3540132852583343
0.5599899776776196,0.257011354478879
0.5633787828331096,0.21153991489512644
0.5755442153497512,0.13988792071832729
0.575715206807482,0.14237742998098768
0.5823378377122008,0.1035826187897075
0.5844043126565834,0.07708474789220396
0.5853744025022038,0.0630249400656615
0.5891009870695072,0.051229761141966666
0.6060487697626558,-0.06981061655147522
0.6224750849279559,-0.20904446113815645
0.6242453527098935,-0.2183924963908148
0.6483110178898208,-0.3918237633584643
0.665981599637143,-0.5212507946311612
0.6852457282561275,-0.6558278767116664
0.6898035932129041,-0.6823250772359192
0.7071689923117841,-0.8102084857355369
0.7120928044291555,-0.8365923308138542
0.7247583244331448,-0.9117954865266822
0.7261008135493263,-0.9277638395297785
0.7270281696199294,-0.9375242994025166
0.731224451099858,-0.9466638910924022
0.7508741000295363,-1.0699876897269605
0.7562588522842475,-1.088106231573245
0.7685124877969551,-1.1453720338505138
0.7805728484316488,-1.2362188478926601
0.7826438054066713,-1.20803283278763
0.7835433191134156,-1.236402014871338
0.7875863413393329,-1.2482948174364734
0.7900284722786166,-1.2483030628615464
0.7906517684664269,-1.2645056059772086
0.8007394261090468,-1.304832992334165
0.8152593059853945,-1.3624646374863418
0.8187411805774669,-1.373939327430493
0.8219374279770744,-1.392797049987544
0.8468592322123758,-1.44733858914656
0.8536647770811392,-1.4626727060578881
0.8580058252909186,-1.4820376017054604
0.8683380926808688,-1.5026734175302556
0.8701089379540115,-1.5019219726951167
0.874114369467053,-1.5027398915522137
0.8762980438824917,-1.5037603505563328
0.8789213392258315,-1.4982045527792751
0.8800505644217633,-1.5128560223979106
0.8964482804720966,-1.5059626852274253
0.9019591861495755,-1.5282575551034605
0.9099425708945184,-1.5112095862101496
0.9132274213487506,-1.5171997483057091
0.9160007722523709,-1.5116940523923839
0.9170661943298768,-1.5236664247401148
0.9199815011580581,-1.5195026947023458
0.9345571947822107,-1.5198263159860794
0.9379118877749804,-1.4940753858715927
0.9547890773956444,-1.499432224341995
0.95805293842065,-1.4805205421158147
0.9588057467859805,-1.4841657948018272
0.9620459479388677,-1.468145040933294
0.9627881040001265,-1.4809762818456713
0.9666043506666968,-1.4501134298698732
0.9673813104061901,-1.4784817601675957
0.9718563114395984,-1.4291576503510306
0.9805327717481322,-1.4159491773331707
0.9805966274587092,-1.431557947939789
0.9893882154050759,-1.401202275965931
0.9926417940578736,-1.3987235029493046
1.0005072512921265,-1.3654354920165743
1.0064397145645634,-1.3396496657407577
1.0121541184755367,-1.3307971793985354
1.017797466537269,-1.2996362506158092
1.018186560087294,-1.3161194855653353
1.0371632376552657,-1.2363967215596636
1.0423207528926675,-1.1811582346836116
1.0428650228848344,-1.202700192326903
1.05655781501423,-1.1429143217468516
1.0687213430843912,-1.0730508342583258
1.070408514549925,-1.0795319020586134
1.0795204131349863,-1.014571008032402
1.0906331181159121,-0.948800064358633
1.1257740971089056,-0.7537807781262507
1.1281271013751937,-0.7466931546447566
1.1328801589071755,-0.7210394880106286
1.144245291040784,-0.6515142746563304
1.1625454448987869,-0.528703599932674
1.1637767121657427,-0.5115923688078451
1.2194040461474822,-0.15430304191927996
1.256898003012239,0.0790862908383042
1.2990841465334002,0.31239574416088056
1.3151881817317026,0.4018003463668785
1.3185815597213013,0.41283237677068363
1.3321016713382399,0.4518739390735964
1.3386534876119285,0.4895201645195735
1.3455032308243942,0.526238070956357
1.375412944701302,0.6382779937180821
1.3840863126426939,0.6593493911906101
1.3935063229594853,0.7099117230567917
1.406131350460777,0.7095159539393394
1.4077121393137917,0.7131878882238414
1.4077291983551845,0.7100659564361818
1.4111124871050293,0.7481717962561639
1.41583140633319,0.7288403251620897
1.4231265909112718,0.7744377349930529
1.4242440531613436,0.7609904496036485
1.4243459979274364,0.7667320425228381
1.4274885795827554,0.7738653082958845
1.4293847306707246,0.7596122169359879
1.43539256243087,0.7815072482661521
1.4465187756161377,0.787371590960903
1.45944618636309,0.7962293450566365
1.459581062386146,0.7889518981322933
1.4682795062777378,0.7970163573422955
1.4859325082591948,0.7928347297488806
1.5222812463416515,0.7534988511973694
1.5245055472098814,0.7429673411650105
1.529159883556014,0.7483269950688429
1.5363181148292355,0.7195522040917335
1.5606517289760315,0.6526595094636541
1.5620800419026502,0.6427541551150261
1.563750733458745,0.6447570481719742
1.579117149157252,0.5917384667728335
1.5914997301626874,0.5344404198058248
1.592545960793137,0.5366435613942616
1.597356319053194,0.510594912038242
1.5975347218394322,0.5008180875840865
1.6041565826480717,0.5037347460482808
1.6136558307028697,0.44498426269380903
1.6304350836496209,0.3592305075820441
1.6393098164866684,0.2955936648136658
1.6668498428324892,0.16009559439931922
1.6685647140154956,0.14595840781073188
1.6803410858477728,0.06322782476825721
1.6803778037235917,0.07519866010284773
1.6913399101054294,0.002994251975809795
1.7111447336306593,-0.1358599120043447
1.7200845707947003,-0.16899071943957172
1.7216506513540715,-0.17100378068709005
1.7308217568481794,-0.2501922183090483
1.742149927598815,-0.31280068684624446
1.7646231832654555,-0.4765509266862179
1.7665862613885794,-0.49200725097438247
1.7716797131267263,-0.5258700236302556
1.7917762732451168,-0.6836742575210869
1.801021060587619,-0.7074981013929078
1.815093022322463,-0.7815268034703075
1.8286420465238153,-0.9001364139351847
1.8315873399984994,-0.9184809298682955
1.843901930428478,-0.9689916018341681
1.8766238294171096,-1.1568000715358313
1.8886681494487378,-1.2180608339016095
1.8905165031957196,-1.2131229116724778
1.8927272002349103,-1.2381118117754728
1.9113935224610934,-1.3345946009240648
1.9196446253366952,-1.343104450013929
1.9402798027510801,-1.433660980657394
1.9649026460398957,-1.4969904249266144
2.00721103188069,-1.5706784591354814
2.010936818452053,-1.584604291577168
2.0219138236518575,-1.575595499340518
2.0419338351923084,-1.5814170432881016
2.046938915815173,-1.5779793435407863
2.0534345997440244,-1.5727911780546553
2.0737988509732928,-1.5536084364735967
2.07651327640912,-1.5367120626340538
2.080137771430513,-1.5157895359377214
2.081639149113598,-1.52645426501429
2.08754136496336,-1.5012322588300016
2.087836947897835,-1.5272090568951215
2.096029053340356,-1.4936038868981039
2.096370753819227,-1.4828252423291834
2.0994499404307163,-1.4997348105996464
2.1123999171081316,-1.4254394440629061
2.1214839849516354,-1.4065785670462476
2.14034328095929,-1.3202630720154978
2.1441576349902425,-1.3289414861465432
2.1641127038951478,-1.218073345455588
2.1746480179826158,-1.1503052882124842
2.1829659771749474,-1.1094830952587642
2.1830040883365776,-1.10170864245451
2.1933619177783132,-1.0286502612148514
2.202053070818989,-0.9722284756708643
2.2075458894145994,-0.9358122170081733
2.2118718818096443,-0.9062981105127018
2.2170000552373708,-0.8766439862769149
2.2268503909971997,-0.8187148858161308
2.2317022808186513,-0.7714936590917973
2.236776000267308,-0.7469649825643278
2.240461456724989,-0.6891936892365474
2.2450512864096686,-0.6729137594020387
2.2541490316794066,-0.6041424821919861
2.2556007465396846,-0.5747331328966072
2.26450493939005,-0.5357494795763363
2.288173100147435,-0.3144543423583066
2.2940220612730204,-0.28380734444969363
2.3008854894531616,-0.2191102747464006
2.306031440440931,-0.16279210368619743
2.306280787882824,-0.16281740575046552
2.3075801539018386,-0.15110784591214535
2.3113097008425365,-0.10299703035672962
2.325066694820178,0.0058551692946870355
2.325298708844522,0.0053795578479211275
2.3320419319389183,0.055877084567968235
2.3385793782762407,0.13754473257603114
2.341525870528498,0.14794808298034107
2.385696074650151,0.5452694765435904
2.385764805809808,0.5703507050131591
2.3898571914137943,0.5769831259395056
2.4013557904148826,0.6833181622388218
2.404995289411027,0.7223933504198462
2.4057537800626054,0.727080328346662
2.410361384642581,0.7680100060684786
2.411764343801666,0.7644368388563594
2.4238301172166423,0.8935513952028378
2.4332222370059187,0.9712591724626158
2.4604766903341613,1.1862880784153778
2.4714284808817846,1.275293026263078
2.4805264500513813,1.3342659896998554
2.480819735576441,1.3121753662104325
2.484647429743906,1.3724249814841043
2.4925784519109984,1.432865086857477
2.4925806343197108,1.429592954682428
2.50116149461575,1.4758454187881533
2.510399532986767,1.526774251535143
2.5125655843620676,1.5513736191058505
2.5324430906424586,1.6658851801528807
2.5539123068165672,1.7735857729951876
2.5712137632073153,1.876446017589631
2.596338400331063,1.955076247776359
2.59802112934468,1.9300632668829276
2.5990565515486654,1.9643931212229295
2.613531683584574,2.00447601635254
2.6165427785185633,2.0127305363165795
2.6278481107044254,2.0210808209487543
2.632199355475268,2.033341474195881
2.6353510934866566,2.031434075820654
2.6535538497389872,2.0816744776550236
2.6820255757718403,2.0646932843352053
2.7142310862858494,2.0054538585069754
2.724549015776069,1.990249820829651
2.726812915017822,1.9964388578266172
2.752120319374943,1.9057374381769538
2.761708854951789,1.8715074791319086
2.778325843675436,1.8273728981992214
2.819669797623372,1.5829573759488083
2.845016474731228,1.416788613710647
2.8555497211211245,1.3674515660779636
2.864217658182077,1.291875282780654
2.8709076460542535,1.2207636043189605
2.9015561157416547,0.9917853983178132
2.909284558729568,0.9493286448596265
2.9130890636026665,0.9227222318509918
2.9156294508051452,0.9099345769614025
2.922022462545442,0.844179639459572
2.9338751047780445,0.7613413675180608
2.9398679883355507,0.6882459686040251
2.9419925868850614,0.6895875248512516
2.9428221207821235,0.6659093315628204
2.948165115428232,0.630820550861125
2.9608926598038465,0.5191624578262183
2.9692752778026756,0.45646815254571277
2.9697896825558168,0.4466465274337879
2.9804779737319613,0.34647106372943487
2.9820230729908825,0.33940676195242125
2.986028022200781,0.3288883403710768
2.998039485772294,0.20580940345968005
3.001171850888838,0.19592158408693433
3.001995007911752,0.16749726116631053
3.010174718844688,0.10909181861339129
3.024903174553902,-0.007235970329793229
3.0355139120143875,-0.062467217653718175
3.044089991764503,-0.1517167601924871
3.044828967208023,-0.16760607167373442
3.047957480777793,-0.17201224473801285
3.0535534439252903,-0.24313296269774215
3.0659280667074587,-0.3127732432032271
3.0711186248472693,-0.36337620135877463
3.075964039572751,-0.38620933656043355
3.088188720127004,-0.4763353009206227
3.0894572443794157,-0.49057887445317755
3.0972025400080767,-0.5362719080383839
3.1024368385050227,-0.5704211429132969
3.1209728652292394,-0.7109001963375933
3.1615931051110255,-0.914398018093613
3.16531706094114,-0.9254632726429941
3.1871302535488635,-1.00796792472642
3.251119770507426,-1.198826736231756
3.2543150643665637,-1.1818549952020272
3.2577511891328186,-1.187436836040005
3.270302413120479,-1.1909300329135548
3.27279744254734,-1.1796102993555226
3.2841108625322164,-1.1704775940569545
3.2934773545204354,-1.1925603112648429
3.295013299922175,-1.1781888198298403
3.301740517717608,-1.1790822368276623
3.3159634546294736,-1.1487032978338791
3.36728679266567,-1.0250147057785313
3.368077066287391,-1.0210772095522076
3.3822133734725686,-0.9724486715623675
3.3926427892618474,-0.9106663478492639
3.40253950815738,-0.8878564284246233
3.415380508708063,-0.8165576091166314
3.437215194295005,-0.7101049942543662
3.4397800245391945,-0.6983667642745216
3.441993651899839,-0.7017109706195989
3.442263270070111,-0.68065975058528
3.4607230908051196,-0.5825885062466749
3.482575170006811,-0.4350071356785707
3.5127342260004344,-0.2557339147477307
3.516114623396035,-0.18828645218717383
3.527451298706488,-0.14406452509681905
3.536148889029981,-0.06790812349205183
3.5363357640701913,-0.0747980649757067
3.536384120078228,-0.08328680461345486
3.5554907778000953,0.059564790590793455
3.5599325833998794,0.09217966835192298
3.566343332330172,0.13587532363344765
3.5746529839885284,0.20419605216910147
3.579916318327495,0.22468731194160765
3.5873477268997647,0.2875668639634441
3.600105749034224,0.36126885630969485
3.6009746209955615,0.3690944049618526
3.6112278057067684,0.435358899707358
3.6223898954583085,0.5246148615520804
3.625833768479062,0.5462619640920665
3.6289454458654795,0.5525372689865168
3.6337681934211954,0.5930018221661386
3.6607434664435576,0.7661015228779386
3.665571388582352,0.8080834738129491
3.6662625435081626,0.7911782754217921
3.667582528256286,0.7980215612073123
3.6687826023584478,0.808245086217896
3.683701272142379,0.896803260858162
3.6964043172654666,0.970025842029737
3.697074827775502,0.9570611453644459
3.7020291492090553,0.9844999460878283
3.7035563521683805,0.9856868311069068
3.713703509179936,1.029357517719286
3.73432273704079,1.1475121685673597
3.7351228041022964,1.1334361509409183
3.768064941833776,1.2564608809429387
3.8097315098071114,1.319697921000195
3.809859725909842,1.348361948623759
3.8196494835757857,1.3506555721069107
3.823758867130607,1.3742048998028322
3.8408333147931266,1.3617941711073465
3.847861019898266,1.3630749511686955
3.863477866643331,1.3621789217327132
3.8852904814313955,1.3280660542213638
3.9106483515347517,1.2714459796920956
3.9331995850762222,1.2054485221207294
3.9519060623719184,1.1432076697062221
3.964425015723645,1.0907599812286193
3.9755739931621985,1.03038506372584
3.9853009746144217,0.9990354231272425
3.9878618094498446,0.9856718884015316
3.9894065245083095,0.9590634268340913
3.990148669195545,0.9717024942470563
4.0074393507930814,0.8787504574229246
4.017994018552741,0.799798104280954
4.026440814544628,0.7634443093774812
4.0306116469834254,0.7398862300038701
4.034395770517486,0.7095994365014171
4.042240453939616,0.6527575254476331
4.0471446942894875,0.6350497517929792
4.0672504085755,0.4913338668121169
4.0855241491326275,0.3751160857676757
4.0952700628013705,0.29991237284373506
4.104186946439047,0.22485293498402048
4.117075169473932,0.15196559670676899
4.134661536282934,-0.0022468052159398573
4.141900079374167,-0.04608484580174462
4.145325548618187,-0.04674737285451548
4.148810037503587,-0.08609718710923157
4.159329108786524,-0.15610235496523325
4.16128378132637,-0.20959033942051944
4.180033564240624,-0.3168300829513849
4.197650317757425,-0.45887317070715067
4.2128179529923475,-0.5533680721343428
4.22524623017396,-0.657352420586527
4.24482958951446,-0.7748640951266087
4.25870997353346,-0.8600127751123351
4.261007218769063,-0.8890249799938691
4.274132192475198,-0.9702807065009269
4.289568678277044,-1.061251384759358
4.294019378036982,-1.0835686115446632
4.295346228687652,-1.0711176132601412
4.300405489918832,-1.1107221612751832
4.317790175948668,-1.19483072686336
4.328026741544026,-1.2366098835233514
4.329449769930756,-1.2444948674404046
4.356176213063369,-1.341944110151886
4.359333478316513,-1.3765257402108824
4.373304637972915,-1.4211768310593462
4.374355995856753,-1.4214908873612937
4.375908839515736,-1.4011039322491579
4.3771002937289385,-1.41165253055319
4.405522611129497,-1.490809315902878
4.411557069984296,-1.497699041133293
4.417246803620152,-1.4833313896858147
4.426098516677591,-1.5153048805484954
4.434756054375571,-1.5190439539510228
4.442993253626744,-1.5221310959423107
4.443718220238656,-1.515186017967205
4.445835944378489,-1.5192205164194954
4.4580011141075815,-1.5258270295631153
4.489011122593272,-1.491336930822002
4.494319301967941,-1.4917298861959656
4.5082339197400305,-1.4722822723918745
4.515482785416896,-1.4396548271743015
4.5158269902877155,-1.4400211052139473
4.52008450134478,-1.4317461523384591
4.5218620209777445,-1.4340407055548834
4.526513533944916,-1.4303975201619472
4.5326166958551735,-1.3835139624103068
4.534060308349586,-1.38922450156959
4.542284963402798,-1.3671123442547812
4.543099298802012,-1.3478373509847317
4.569518935926851,-1.2682052792860725
4.581643313934142,-1.2081659217402945
4.587683754344033,-1.190815838999966
4.633930676814478,-0.9623173298720384
4.641072017143605,-0.9208461407230121
4.658686572618935,-0.8072248485560019
4.684940405758294,-0.6595210556855258
4.699217181176255,-0.550052428549883
4.703225308922557,-0.5325425769083714
4.703614074232938,-0.5350030080681272
4.708971249312176,-0.4990521261316466
4.732699050894007,-0.3133155577266307
4.7471474797113835,-0.25039446844195123
4.779048751496276,-0.06673090722841435
4.78359018917393,-0.03011849914469423
4.80957967676197,0.15000844703175728
4.820957540986104,0.18527724613597893
4.825757558348569,0.2186948057067291
4.828997884429242,0.2711406412703027
4.835620607993363,0.28196127816950334
4.8569880991831145,0.38429092707910784
4.871962498988154,0.4418188847006284
4.8777276444471145,0.500228746691696
4.88223846080729,0.5197488895660283
4.89075307816967,0.5497304398492183
4.904408362313198,0.5844157503484276
4.907383692303384,0.613828712982525
4.931968665488318,0.701165724775504
4.9368660459210165,0.6942845853029649
4.95078138017255,0.7409799049379324
4.960049906375918,0.7531754599306799
4.966205410340052,0.7434408320304173
4.978593247200225,0.7692115548760247
4.98185680982162,0.7663279918701108
4.995567443556631,0.7937126907564058
