n_harmonics,base_freq,magnitudes_0,magnitudes_1,magnitudes_2,phases_0,phases_1,phases_2,instruments_0,instruments_1,instruments_2
3,2.840534867575106,0.353700883433825,0.7893695544259903,0.602157732981535,1.6274236416538665,5.824121317669294,3.647993767830605,sin,sin,sin
x,y
-4.967098514117005,-0.16939279881973848
-4.966874971511036,-0.15237230833654497
-4.959121017531577,-0.15993867420712113
-4.942474118023087,-0.16468541916556192
-4.934954371363279,-0.1435757933105344
-4.930650854990947,-0.16111055037183236
-4.910967234966197,-0.12358269746950976
-4.902418623556219,-0.12310877572966891
-4.893664039574309,-0.11663009873744422
-4.889021719265663,-0.09078544970813625
-4.88686236911793,-0.10638940831354918
-4.882297255917169,-0.11160595210683313
-4.877995909206073,-0.09497138922854229
-4.875938239294841,-0.07592954067613984
-4.86613549100834,-0.06548980479347277
-4.813061349427754,0.02378476295531312
-4.804073331797703,0.019460494431007183
-4.792514554230534,0.03792544218458512
-4.78473112921667,0.05661580180024912
-4.773339156536366,0.08070435203412288
-4.758004851095063,0.09881206993241992
-4.7026356572658665,0.14760046191527043
-4.70244987456689,0.1492097881096543
-4.69991362772234,0.12769753797222758
-4.691514446817199,0.12592327449219143
-4.680038947895242,0.15141684403112635
-4.677503236545065,0.1552395886391296
-4.670415391644448,0.13940429993578793
-4.664498866436251,0.12693299976998942
-4.660214325407177,0.12273252591910214
-4.652927856441197,0.1096326039424754
-4.615455563630626,0.06312039034899808
-4.585329410101895,0.0009700037111457765
-4.556154749284499,-0.062169342385815674
-4.554198896276402,-0.05798696533547654
-4.547625043132879,-0.07452247526347439
-4.5318012283187405,-0.1146296391700794
-4.519550894172649,-0.12724097973029808
-4.507779606199267,-0.15577935239187424
-4.5074595359717495,-0.1993166770134116
-4.5056014389210794,-0.16970630252634447
-4.50351466545957,-0.1725290771235387
-4.4661718326866495,-0.23243886708902056
-4.461082550088187,-0.2684357405404874
-4.449577940147712,-0.26838829779450546
-4.408819873842632,-0.29175630212024745
-4.405908087491922,-0.3081252396761901
-4.403549715664373,-0.277333666770091
-4.392951987993831,-0.31007453366386706
-4.39140687648988,-0.3182769139129124
-4.388396618011495,-0.2982462349423432
-4.384642747017597,-0.2736612208174553
-4.36356991553497,-0.2700202157574931
-4.362798786018994,-0.2508148583510783
-4.358324212807051,-0.25228029471449054
-4.355709123412684,-0.2501681740771188
-4.352921397479401,-0.2348124333166983
-4.351209091379548,-0.2525165826446891
-4.336668488637626,-0.19600173168874496
-4.323653820277473,-0.17060308063157417
-4.320156272497988,-0.15873556072180353
-4.3086691735053435,-0.12076903680129597
-4.295820115019783,-0.06613777597398324
-4.293044777911592,-0.05952848393354724
-4.279726283334382,0.00590432644355683
-4.273494582778427,0.028004765782143955
-4.267823937395337,0.05511902071300158
-4.261781546423351,0.09977352669945865
-4.253175746990898,0.13209876956590383
-4.241714926695139,0.18211878110571275
-4.233264420702651,0.23769242453634598
-4.231304271951775,0.250294220914361
-4.196737089682381,0.48274003840486923
-4.195970663996926,0.47597523503273753
-4.18527592946015,0.5480192131886795
-4.1795735272516685,0.5593675763535909
-4.1792635463180305,0.5807906230032378
-4.177873491036381,0.5791825465161898
-4.161844071214777,0.6917024299156773
-4.161827382567709,0.6774660870438096
-4.154724557463031,0.7289201128197069
-4.150289656455181,0.7794916098467167
-4.147513154859784,0.7648373186040989
-4.145170059060115,0.8031042421400802
-4.136859273637307,0.8310058920129324
-4.13483888157014,0.8595405247588688
-4.120734663462473,0.9583796725836418
-4.117027323520532,0.9619857276546527
-4.1152099176833055,0.9782665493074103
-4.0873949839747805,1.0986055814938023
-4.086546731085498,1.1116840553445153
-4.082682162965242,1.1295084585011625
-4.037401236815244,1.2966496779407541
-4.009452813881227,1.3320323516956385
-4.00836057423695,1.3262749059092291
-3.995157828322543,1.3540273374953615
-3.9797746826276557,1.3118977349752943
-3.9620412928770588,1.3067089617445156
-3.959696624268437,1.297710132842347
-3.958671255272753,1.299216930036422
-3.9528544488880915,1.2814308816249813
-3.949943413444582,1.2812729405769208
-3.9448222317254302,1.2534645478063393
-3.9384713101813107,1.2473445469842344
-3.9339555758413116,1.2267007894866286
-3.9246389649859736,1.1733196114935696
-3.8963970924345146,1.043616871732082
-3.8873804107884613,0.97819031670724
-3.8616891552807697,0.7894892225247367
-3.847218761096225,0.6705095256993888
-3.829457910611318,0.5005203954457983
-3.829227115488294,0.5008574814960822
-3.822118226673404,0.4312478244554802
-3.8188855755467452,0.41105592058523355
-3.8124701152131646,0.35061570651178214
-3.8116243953479243,0.3285705903947654
-3.757971558575748,-0.20776178454425567
-3.7519333565492365,-0.29284726500477376
-3.741948574339836,-0.3679291437129843
-3.697027711486066,-0.8329912709477807
-3.653141616680937,-1.2264286143216336
-3.6449665050248212,-1.2462218025995888
-3.64169826698995,-1.280727094937856
-3.6287967553071376,-1.3650601307966188
-3.626743213239604,-1.3773679907019842
-3.625354769890159,-1.394936450596444
-3.610891886957811,-1.4840862553449499
-3.601516254679449,-1.5255036259365389
-3.5907979578729177,-1.557478765148474
-3.5886398046345205,-1.5826428728817106
-3.5865468031214265,-1.5829867807615279
-3.578269397964071,-1.5974931515301458
-3.5703710386244625,-1.6245362995119514
-3.5460450707900746,-1.6533748376132897
-3.54088964042359,-1.6732419446900655
-3.5385086819840272,-1.6807595382885567
-3.527089283645383,-1.6756063390003701
-3.5234362508511143,-1.6647431172483502
-3.506081095638689,-1.6356851686684455
-3.5049560852824815,-1.6407867431592704
-3.43251479535722,-1.3242446640513788
-3.4318185826503225,-1.3230106963272328
-3.4069091327471757,-1.1536590028607414
-3.40480514569201,-1.1217214269136246
-3.4009433915174823,-1.0884544392172808
-3.3907144648813183,-1.0213809836217265
-3.3835844192078923,-0.9743389479753807
-3.3704967640074104,-0.856341631753096
-3.368483897830502,-0.8596495142721456
-3.366934270190778,-0.8552753796454531
-3.3085771884810478,-0.32852002349573944
-3.3024570174176637,-0.27785639373284965
-3.2921449374372336,-0.2117285052600364
-3.291505481971747,-0.1938007806633195
-3.2871130964035222,-0.13676245174110957
-3.2805392908577238,-0.08868641844776853
-3.2729630646826746,-0.033029317476412995
-3.2722366837782735,-0.03503858028146032
-3.260468243700394,0.05921858700879772
-3.253411525399552,0.11781814679560451
-3.249394517246981,0.14314701543249975
-3.242235586082,0.182464453937511
-3.241019958586082,0.19528039794550403
-3.2390361343774057,0.20008576609661005
-3.2143170686717615,0.372592468048864
-3.1958737029073014,0.4704875034433259
-3.1943915469549857,0.46624498256110697
-3.1913967558799596,0.47553036883096045
-3.185374760843942,0.5097645912312023
-3.182003187389404,0.5207337962442603
-3.175354442709267,0.5576116202443384
-3.1673956366941844,0.5857053539962613
-3.1390457824112907,0.6435786306958234
-3.1364857128866372,0.6657004964320314
-3.064529897450731,0.6804768054645894
-3.0599640279017395,0.663599322774868
-3.0591441639919026,0.6699121653265124
-3.0438859237439333,0.6398390462307473
-3.0417201209798694,0.6618034610889402
-3.0329734539810884,0.6186863670166711
-3.0314583591264888,0.6281725222239111
-3.0287928645508955,0.6199941497740799
-3.0146956587901586,0.5683069650463991
-3.009788798791905,0.5513750279453088
-3.0038480369756693,0.5274725241558921
-2.9947151688677733,0.4847002115992546
-2.9780187053053453,0.42314428874717064
-2.9759663299617656,0.4304584696497633
-2.966014350797522,0.40590864221457135
-2.9557290181131957,0.3734469740363527
-2.916145041696492,0.20654284739279544
-2.914109082678944,0.20568041731442485
-2.904522822701857,0.17639175384610453
-2.896611535688586,0.13071452804081488
-2.8886623126873125,0.10240243162535356
-2.8847139501953354,0.08072098667333594
-2.8687450628967905,0.04332084545351676
-2.8600597296080474,0.015204318953870718
-2.8497700012411076,-0.012313419210119301
-2.8490300335331553,-0.016542079315624056
-2.8364703974761984,-0.052828457736829516
-2.830523415280731,-0.06340337718869479
-2.7797364458658858,-0.15837981859692898
-2.7778262801314755,-0.15380740015511934
-2.755537636518323,-0.16614864817082034
-2.7345275881594846,-0.1629971884577855
-2.7330857510052233,-0.14957695042034508
-2.729378390738119,-0.1673196369092863
-2.725366883341378,-0.14603565011015981
-2.718867679493945,-0.16199554180427117
-2.6987930475868174,-0.13497440315753576
-2.6949385877475516,-0.13903373804991503
-2.693164862304852,-0.13710191435972835
-2.6928983933864217,-0.1221210209724709
-2.675510768038387,-0.0998632395527671
-2.6730680774289715,-0.1275713833698265
-2.6640639459104296,-0.09053223881348894
-2.6621145607217302,-0.09696272236939596
-2.6465089801977815,-0.05986726499792566
-2.644115924488999,-0.05130995831812718
-2.630286769146065,-0.04720436456225385
-2.619901964981246,-0.012423508582241723
-2.619666681223114,-0.026609115398506224
-2.618681819220934,-0.01920169804956657
-2.6143489860161253,-0.00284592839037783
-2.6107679685618246,-0.00315293762132203
-2.590770382077636,0.026274873015716814
-2.5870159017556604,0.02937242384036733
-2.5610629952999817,0.07846372384812077
-2.5486875269602516,0.09743464361675613
-2.5439731847283564,0.10982663687559041
-2.536830236839047,0.10164412113701107
-2.535233072619798,0.10809923935363239
-2.5249670068186933,0.12894255395530518
-2.518333355226612,0.10909662901265527
-2.511442069692975,0.12379205346855286
-2.504646826231043,0.13073062421561288
-2.499005309660205,0.11266643058751544
-2.4986201316740795,0.12888517485788514
-2.496667035593899,0.14316653695566095
-2.4913355810062154,0.13648601069715885
-2.4824842336636497,0.13174150848345026
-2.4729666106923642,0.14633922503152993
-2.4680523122304345,0.12999139801877746
-2.458479377523919,0.11626499003164181
-2.454814799783481,0.13519094539908014
-2.4422928937441704,0.1265220266550644
-2.436071990318575,0.096804762928133
-2.431062730657999,0.08764938151157406
-2.4224192012829393,0.09659480434456989
-2.4138306235095772,0.08150692007781846
-2.411903255602843,0.1025053751219948
-2.3962073103994,0.053280196401469575
-2.3909215622181303,0.03528037122807705
-2.388793036836554,0.06359005014283352
-2.370367499942585,0.011640066466763802
-2.3678123250212324,0.0034312209007304863
-2.365112723651185,-0.005444577161183575
-2.3507959857739626,-0.03719774710046773
-2.3213361988906756,-0.10144761626094687
-2.3031620155370236,-0.14104999483985597
-2.2987177377260046,-0.16043421041601574
-2.2890442577794925,-0.18652830033220397
-2.2884528011059455,-0.16334894279392215
-2.2884306668150223,-0.17473756369048424
-2.28157396858629,-0.18173111500502692
-2.273359555197091,-0.2013183898729277
-2.2605188992971392,-0.2404677114779598
-2.260374810201524,-0.22842915121273125
-2.2485073985292225,-0.25808638445780785
-2.24188844903229,-0.2372889235819459
-2.2416689971411854,-0.27007798544372863
-2.2390180887904854,-0.26020458020063475
-2.234356220918202,-0.29087951177967414
-2.2272189188018765,-0.27103060873425794
-2.220724039004586,-0.29103005475810223
-2.211896162115694,-0.28133008747844623
-2.181275182352971,-0.28553264609231427
-2.1801444707514084,-0.2916020895049042
-2.1784689384067346,-0.30268498961186086
-2.15944787373493,-0.26648807886380266
-2.1581165632598367,-0.27766694793384483
-2.1552183368694564,-0.2769472563792279
-2.1427675489145215,-0.2494120445656998
-2.133886300729494,-0.2144704081408164
-2.126193766882478,-0.22072763077830312
-2.110931881268444,-0.1591983697498817
-2.1083178587623452,-0.16166206102161296
-2.1021582567466246,-0.1293488879397718
-2.0994760007953928,-0.12232383453320622
-2.097939128221565,-0.11618810303613228
-2.0781809593161404,-0.0302731237051012
-2.0736158512267187,-0.016730442391595615
-2.053982680993307,0.05675305458506015
-2.053344908575183,0.04739240766464024
-2.0416216603136847,0.12877383793539368
-2.0342080979010078,0.18362027135499112
-2.0222619339879957,0.2372309727675129
-2.0207696965812962,0.25646152672729927
-1.9991870948174508,0.3723709867987572
-1.9915350784311303,0.4134006876525866
-1.9842927847544312,0.474555483292146
-1.9780830860962304,0.5126813643938442
-1.95363642152416,0.6743153543321679
-1.9277375091967164,0.8230097435467058
-1.9271343125873805,0.8304189507788208
-1.9261655109857978,0.8435732521620826
-1.8818777968774425,1.087453860771716
-1.8764830635399088,1.11760316363427
-1.8759404552099057,1.1036703096092377
-1.8758748303689643,1.0918704333920337
-1.8720323439371631,1.1139469916175542
-1.8681641787914902,1.1577458706002504
-1.8539044544306096,1.202586586407787
-1.8395016047242816,1.2558594100155986
-1.8296471832954886,1.2888993808592433
-1.824355819277942,1.2879970608850102
-1.7928568004911227,1.3383557256257803
-1.7837639981959619,1.3506347919526476
-1.7786700371408348,1.3487030165605918
-1.777502661513044,1.3232048498250852
-1.7741367836405586,1.3342948079877268
-1.7719141960629923,1.325797100010682
-1.762670725315031,1.331357957214393
-1.7625809967115345,1.3186655321123375
-1.7602446365979576,1.3305435217508768
-1.7594759308311247,1.3186979107409675
-1.7539079539318516,1.319833511296709
-1.7521103316539954,1.3043907253661982
-1.7455214825633938,1.2789797920713017
-1.7405462923180592,1.275330526434116
-1.7338899980223155,1.2514690654888272
-1.7168543317575358,1.2145641708924844
-1.6817519827875493,1.014757473643797
-1.6616150663581584,0.8902146560730266
-1.6615840414405412,0.8889326848458432
-1.659443576895688,0.8555000328565215
-1.6520695481932748,0.7998410761259533
-1.6517938868057227,0.8093707451230561
-1.6197666580797012,0.5204227831129188
-1.615494616868264,0.4826935093763909
-1.611268965331921,0.43806261815685493
-1.6102032754706652,0.45343819098820515
-1.6003514151567035,0.34859610562236854
-1.5973787450868016,0.3136881755252647
-1.5845917947823085,0.1947348464400963
-1.549283476784491,-0.15732743791434403
-1.538098477944624,-0.27655015712934317
-1.536110919829997,-0.3060311878722534
-1.536086277747044,-0.32587463836699
-1.5270721569279502,-0.4017434082271736
-1.5085372898730585,-0.6088582767436655
-1.4903275410213404,-0.7778337612978881
-1.485235815018966,-0.8449375084568
-1.4801002201361801,-0.872363566149661
-1.4783322469197966,-0.8717947203940626
-1.4734724341146865,-0.928561367268837
-1.4667733755843884,-0.9846830912213035
-1.4585268243325067,-1.0571786067249638
-1.455099764078831,-1.1121050926288463
-1.4543815436248906,-1.127811381145447
-1.4543156340267274,-1.100057685214948
-1.4464893229994802,-1.1693525189180156
-1.4154254461560987,-1.3904533791562532
-1.4120036380096823,-1.4009022267123181
-1.4096030427680697,-1.419213083311629
-1.4079239303482427,-1.4438816905211733
-1.3955794573988523,-1.5110890314945318
-1.3710935493442902,-1.5941284432124123
-1.367819984698675,-1.6160025898329315
-1.3656723899434176,-1.6013088363976957
-1.3609128816340679,-1.6189968037885252
-1.3317015747422092,-1.6756450968392398
-1.330558155233641,-1.6637261961329748
-1.3302956914106567,-1.6661127979975618
-1.3281453337496907,-1.664831570414423
-1.3262641744298365,-1.6827558156084785
-1.3261486802023512,-1.6774720963860428
-1.3148301262127084,-1.6442689180598435
-1.309247796310049,-1.6682250329643984
-1.3033886946764994,-1.6639797397730824
-1.2967711779898936,-1.6500815975863101
-1.2838087093692163,-1.608802261858055
-1.2670032686397503,-1.5533821517822586
-1.263348654879346,-1.5383216374453756
-1.2443855788449398,-1.4588953699129843
-1.2232794078284237,-1.3473162461319026
-1.218887688058241,-1.2919617307493667
-1.1924429479001497,-1.13948435563026
-1.1686315470518691,-0.9285865590689003
-1.1613905896958543,-0.8769583636512941
-1.1582938234247884,-0.8452709011700834
-1.1353056146113802,-0.6501226238180208
-1.1344824944374055,-0.6351666331020572
-1.1282865013599364,-0.6056627568824072
-1.122675791652731,-0.5612480859420781
-1.0985593875977906,-0.3627745958485399
-1.098421895441286,-0.34433968143149424
-1.097300113962997,-0.3444768757998642
-1.0957673272588542,-0.3230129080786691
-1.0742722601191623,-0.12582682090560754
-1.066355336234197,-0.07954949711624244
-1.0643293425421252,-0.058330842504545566
-1.0476544059496486,0.07070074066969219
-1.0417955839753104,0.10937893217899813
-1.0367968962346055,0.13190642680117529
-1.0312150468370196,0.1623529774223473
-1.0078545203699605,0.3500423608061987
-1.0047867171714078,0.353022515739422
-1.0041898364022206,0.34565978803055314
-0.9838501082405688,0.45515233137736155
-0.9824988820171177,0.45836568292808505
-0.9572215966282682,0.563259039382573
-0.9462325468733912,0.6083165864738247
-0.9450216686192618,0.6109623132033476
-0.9391465472754978,0.6333051068340946
-0.9330941017628174,0.6368970083980788
-0.9226859751014862,0.6539158462303626
-0.9164352033348386,0.6775466344845488
-0.9136653890619204,0.682135784198476
-0.9136255962900126,0.6961013913963207
-0.9042854936655011,0.6950956023072109
-0.9006779467711636,0.6871841510073456
-0.8962514905166525,0.7121038663880809
-0.8945095765304618,0.7079070445207106
-0.8915370883993843,0.6985086372150818
-0.8875696477276236,0.7011013281561335
-0.8853563140227454,0.6999246338161227
-0.8623844139813563,0.7017933609353333
-0.8430324887945515,0.6609848926854516
-0.8405998090240487,0.6517475750086339
-0.8387599404097967,0.6718159968404076
-0.8305288012865493,0.646011760398896
-0.8271898250196372,0.6399711023561905
-0.7955946083125198,0.5540466429223808
-0.78487425159339,0.5111959421522233
-0.7773660372143247,0.48725019898500904
-0.7679778702708182,0.4471105252656299
-0.7559772166010266,0.4035303796920054
-0.7542636265260718,0.3976553673712004
-0.7521704382606096,0.3937564124120462
-0.745708505747789,0.36577986407860713
-0.7456429200920454,0.37677473553428054
-0.7425641285941698,0.3620639134793993
-0.7414278291670797,0.3535229759002582
-0.7381570581329875,0.3394642656164838
-0.732288182256827,0.3247852833609256
-0.7099542665459104,0.2144189088890195
-0.7000348537094014,0.1881369464200285
-0.695490137467579,0.1880007708349886
-0.6869427867545408,0.1300489500000692
-0.6845152566421664,0.15288425562570207
-0.6768268107856779,0.09739373759812794
-0.672567334958857,0.09961316493644663
-0.6593036019149645,0.06065862842629334
-0.653130136624613,0.0297519574322189
-0.6237425277129081,-0.0365430489913254
-0.6084530014717355,-0.09486288261328835
-0.6042394170772614,-0.10386520884438227
-0.5986466443143286,-0.09462817552746763
-0.5925276558662729,-0.1135333200069454
-0.5786273700296434,-0.14820388779536905
-0.5439391785269043,-0.14192511837150834
-0.5412155705381947,-0.17866874621408674
-0.5257282761884872,-0.16126519100473213
-0.5224182635584915,-0.15112601307433043
-0.5007459505393612,-0.15152745375727536
-0.4875321939491215,-0.13325352624160955
-0.480348237699749,-0.1407681484963175
-0.46873206994535543,-0.11078632246835982
-0.4651142812227702,-0.10800112749397939
-0.43356181137700656,-0.06388875195865057
-0.42138263476030335,-0.05485422165289189
-0.4185902414360365,-0.03773033070383543
-0.4157362189451579,-0.03876285065356013
-0.40262595091551034,-0.02099665702403368
-0.3935627780187758,0.008528169578273528
-0.37003029490725226,0.050336809481726155
-0.3605774843724383,0.06430355503162508
-0.3591251769410322,0.06961000802569411
-0.34020832661813394,0.08974525017414026
-0.3358823127496313,0.08034121895349032
-0.3144287229196099,0.1016851278592202
-0.302139295396362,0.10273713387540259
-0.2503055776538794,0.1324610388752052
-0.2493472324112318,0.11868068006639512
-0.2376780969074943,0.115352722752354
-0.23278050187740185,0.13109029004810777
-0.22960863880072768,0.1233848101083643
-0.22311046865105943,0.11283663247704008
-0.21781891541661302,0.11538893289939206
-0.21535057446217465,0.10531627444194733
-0.21336441143361728,0.09645899266857008
-0.2002783134274413,0.08873547763039061
-0.17959403658009343,0.04241855965339831
-0.17421578983852903,0.02662362208615089
-0.16524588122507744,0.007217311702833925
-0.14938292756965232,-0.015129322664641873
-0.14650811491864246,-0.0006008537877379219
-0.14384770255398927,-0.03693225802413023
-0.10921392537895969,-0.10267347456632511
-0.10918659769513894,-0.11643069532444342
-0.10694811644540358,-0.11868669618712983
-0.08708768117324972,-0.15028408078552202
-0.08665538382031279,-0.16938548471534556
-0.08638566776939971,-0.17210346709741495
-0.0747342007627676,-0.16291096253208087
-0.06359333214778662,-0.20717300598061336
-0.021616059427849166,-0.27885046980445255
-0.010892218597639669,-0.28540078071529956
-0.010255051246497615,-0.28448711722618275
-0.003501313212497692,-0.2983380653161404
-0.0033552390085365147,-0.25924819643982844
-0.002135297058835306,-0.2963107268291991
0.008728936316084734,-0.2863978422190248
0.030675411883351877,-0.30680238082519395
0.05280663880140679,-0.27627143381190294
0.07430254624903565,-0.2513980765834467
0.08563961557515043,-0.2084422604618254
0.12162663209272484,-0.09210438583111408
0.15744289577127812,0.08343984961709981
0.1596442459948726,0.08144829577733455
0.16648521255614757,0.12062936607746531
0.16796561429675627,0.13009401807412668
0.1806979261598487,0.18261793392810524
0.18344202197755255,0.21159379349674542
0.22345445673851216,0.43529942644197456
0.23171865157004667,0.492022834345352
0.24136636500761632,0.5522874381537403
0.2414735086096531,0.5702380116585491
0.24753638847463844,0.6041634961109709
0.248547428492099,0.6009887165309129
0.2655792216479611,0.6955977138083406
0.2797819428291586,0.803573471621685
0.28362442078963745,0.8161333791127
0.3209015300323239,1.0444413269117043
0.3259420507851063,1.068904359439679
0.34251182583070694,1.1363340603856522
0.3431806832636237,1.1486886335780055
0.34541424905769524,1.131411154680884
0.3461796966630404,1.1574137474178159
0.3469435183846823,1.1599525531736843
0.3499550476336575,1.1546879261678584
0.35764351316232545,1.1922814526633418
0.37804662825015356,1.2837603543684457
0.4070635825369511,1.3471215666218437
0.41759985422490065,1.3481125437889823
0.4263741954683029,1.3653837435741665
0.4357729106680708,1.3311601403157967
0.4437515879908558,1.3284241742256369
0.452337705638409,1.3319937735260186
0.4569195436370732,1.307368189686623
0.46794232421909676,1.2967253960201077
0.48488544452373894,1.225882744937915
0.4897391671253084,1.2237132574639362
0.4924577369640293,1.1985585138134955
0.49723104549767694,1.1858431662153814
0.4992941372629254,1.1882297997406277
0.50846988717797,1.1448821923088812
0.5127722948241153,1.1197735508583386
0.5179235855500011,1.0966150038562057
0.5212159977800113,1.079495943447178
0.5214582427915584,1.0533327982663456
0.5284814477089874,1.0201079602948213
0.5313698538336089,1.0054164915808437
0.5577342857400156,0.8259905036416095
0.5592487120920309,0.8146781511351142
0.5596534601590166,0.807848994694979
0.5637906829158865,0.7844107524907553
0.5685345011049625,0.7355392245644109
0.5714101647013603,0.700612282691076
0.5901713587343469,0.5438389406580609
0.5931895242691549,0.5204850335105523
0.6060719331569322,0.40929347534033667
0.6236311003218242,0.22833169422276536
0.6311618751173498,0.15582057235849614
0.634453376704494,0.1080229129848678
0.6383725671561749,0.07418051600405884
0.6469353841845233,-0.02189822114480009
0.6495137292323294,-0.047029777081638025
0.6651833493040629,-0.1824258892663129
0.6685389081758464,-0.23871393824968634
0.6849903223223484,-0.3997160313241999
0.6877614164708366,-0.44664026003218554
0.6879608500702608,-0.4422667422861566
0.7104477659428978,-0.6747387038389782
0.716874160135311,-0.7310412754426505
0.7260672317372885,-0.8205248268384187
0.7328580250996559,-0.889294350610409
0.7331918727995079,-0.899815242581616
0.7737700297948669,-1.2210363339758044
0.7744406991509472,-1.2523983906147094
0.7904969902991335,-1.342866429308383
0.7984112761283457,-1.399574088592478
0.8513645782560095,-1.6147749834538316
0.8545761887523753,-1.6556415705882004
0.8692728467173154,-1.6285717568730507
0.8802029228484498,-1.6790268278234222
0.9054765111690743,-1.6448128564142739
0.9141084839768334,-1.6590605166051642
0.9406660994799108,-1.5735715819459861
0.9407589375659953,-1.5605837960880562
0.9415160880242146,-1.5758541156000438
0.9465958869240962,-1.550957106029459
0.9568047833552402,-1.5180825912750124
0.9587707750350045,-1.4889698608868762
0.9605150414697805,-1.4883149153003261
0.9626415830701385,-1.4751359591488828
0.9649260523988481,-1.4612632918245974
0.9744533070934871,-1.428557142711195
0.97683615798503,-1.4283102701935224
1.0161005222737662,-1.151720878358565
1.0166775965530643,-1.170363305387057
1.0242157836932595,-1.08422691872203
1.0399697529018859,-0.955481644878028
1.0410775247493174,-0.9719608668964276
1.0517512404343705,-0.8626769086633745
1.074387053222317,-0.6792325005420301
1.1186930296027207,-0.29959768523655206
1.1293021945462565,-0.2073289910472492
1.1379730039481153,-0.1355493549075473
1.1409764740366342,-0.10114364195557263
1.144064978472496,-0.07844142704733349
1.1492989130893427,-0.04136474077029957
1.1693043232633844,0.09428828076624352
1.174238813818997,0.1335244318641337
1.1795478266696993,0.172105178697391
1.184778124794839,0.20094108303252609
1.186605213272971,0.22099619435357026
1.188599557460293,0.23622085977020876
1.1919101819519415,0.2501971782632727
1.2102675873010273,0.36815517602784253
1.2284960279022528,0.45320804105922513
1.2297684106709443,0.4642910029972893
1.2352629836704256,0.5045477056897577
1.244463999482016,0.5453624189092608
1.2479704208975564,0.56249752871648
1.2675146031016418,0.6110154551124438
1.2730062378780396,0.6202939457085004
1.281737070114593,0.6437169118656378
1.290408867677857,0.6646060726201959
1.2974382925486676,0.6643844268263216
1.3067238252187767,0.6961330302028709
1.3332752800223657,0.6912824770433202
1.3628574111156153,0.669327036790556
1.368570214214274,0.6712992956899663
1.379052196287459,0.6354769782413864
1.3810868575054407,0.6508198437370672
1.3874728742682763,0.6098379205501413
1.393621881875335,0.6092810147504454
1.406422195621361,0.5796536556560861
1.4212154975278546,0.5153816004728009
1.4309639440046258,0.5170679534586626
1.4492957780072038,0.4451445405924944
1.4683515716897944,0.3538849190226969
1.493315894627787,0.2636640167326445
1.5049236688142393,0.2344113667315755
1.5074172650473248,0.22365752000190042
1.5101366411807966,0.19500625220797804
1.5169768374708852,0.18460790761349433
1.5219162394146775,0.13960411288602959
1.527293968507033,0.15044074801398033
1.5485949435219046,0.058672776685442456
1.5637484483067823,0.02290756204270083
1.5674783964413255,0.006884429230054513
1.5741323844663668,-0.025360834737649645
1.5821319638035138,-0.037054183497724394
1.597394843062978,-0.0741014751367646
1.601645775974447,-0.08528749746848678
1.6028067200628557,-0.06885425973050134
1.6072250275784938,-0.0984157274355752
1.628301508094749,-0.1360878498445703
1.6410691781757265,-0.16034835822981178
1.643611515585719,-0.14900792909461305
1.6572186231276707,-0.1532553162499196
1.665566412725238,-0.17100282707388534
1.6696002973442674,-0.1475180373948722
1.6809351411713847,-0.1773923327203864
1.6959314962460645,-0.1573770301218916
1.699182734572597,-0.15861607540332479
1.7005027259974224,-0.14063512986492147
1.7033764480395348,-0.1499251718366072
1.707268380542244,-0.1280897708517537
1.7129288562366982,-0.1503658486937976
1.7236050359270951,-0.14395677294226308
1.739604512443873,-0.13305199735790077
1.7519355787232493,-0.10571977741416172
1.7862960261784133,-0.041410714939676456
1.7995154224420524,-0.03341563477546468
1.8018965214465057,-0.021195901596306087
1.8194054116263594,0.015127440239265263
1.8319345523617052,0.030414196896634126
1.8334150388556019,0.01912855107712769
1.8351347939319176,0.041901678071338835
1.8402908224914816,0.02535871719199745
1.8427648145746334,0.054972868380429564
1.8474419468021397,0.06648212427128364
1.85629693400728,0.06786440154555388
1.8865786571173047,0.11220881967782766
1.8977511223016554,0.1085951364608191
1.9087566151922601,0.13154809872517262
1.9095273557527541,0.12727126371363984
1.9187675995419244,0.1129517006965692
1.9196289959824924,0.11039035262062007
1.9321701606251018,0.1369513521735318
1.934098946507775,0.1373925818557594
1.9429212759169356,0.14853495553032428
1.955601867266644,0.14032793618455047
1.9624226510129805,0.13848904837376483
1.9629175911346728,0.11321282686692058
1.9672240701836579,0.12536506069513992
1.9750782731402907,0.10890469018974765
1.9801721441355014,0.10444321346237646
1.9866798918849824,0.11800855085062209
2.0066865642650136,0.08781932239823925
2.030660139264925,0.04900121679895119
2.0398402927343176,0.03288330265919113
2.0442772348493046,0.043192493497039006
2.0446837644638247,0.050131100644343354
2.053920261969698,-0.0021778838662648995
2.063875227986694,-0.043582533745764776
2.0886831342265664,-0.09074150182804025
2.0894595441589185,-0.07151926092038946
2.102559033851011,-0.10026418874613113
2.1113679453348633,-0.12384891220296682
2.1144552576064735,-0.12957854468635
2.1156096131144047,-0.1374239637755397
2.1201927814501795,-0.14761796116382198
2.137934574721089,-0.19461374662038425
2.142977893458471,-0.18191913783001323
2.1501638146228785,-0.21300955584301312
2.1590714727160423,-0.2251390176085337
2.1603182231795657,-0.22022022479652048
2.167223882226975,-0.2557944232516286
2.182028693358956,-0.2566728792382164
2.193535486474212,-0.286725573986912
2.195699618848181,-0.2688215375486638
2.2091523603506316,-0.2921183215917203
2.2116471262699013,-0.28272309581138066
2.2123285864539257,-0.29853935234428197
2.2180509004734903,-0.293374881506905
2.225399742701577,-0.2886125225825464
2.2308613753070254,-0.2702564448956971
2.263802461468851,-0.26602071691313645
2.265764600993049,-0.27433886338104213
2.2898075889450027,-0.23293501712015316
2.2902112421632337,-0.2095471216610059
2.2914760731596022,-0.23378712097058368
2.313607244229871,-0.1620286514056816
2.31421797534189,-0.16432264563854773
2.3208155059079143,-0.13200418615129453
2.3462073332277233,-0.06106222141928265
2.3502318965662905,-0.03777674164194631
2.3511537518463825,-0.01045468130619842
2.3600567819941976,0.020250008268814748
2.3660631786841098,0.03662919441223785
2.3676692402003896,0.05048432616852033
2.373890777141546,0.08976759145769886
2.392234448361603,0.18173935481928893
2.393307916523071,0.17431873580350585
2.403631166745127,0.24530012131181778
2.413795612153998,0.3121325851906516
2.414023224927547,0.313988211722587
2.446972755554974,0.5152659749421759
2.4479275401083136,0.5145833649069245
2.452509042485702,0.5393127129669
2.463864474310723,0.6177945605247859
2.4653805572836767,0.635703966891708
2.470643812092476,0.6589485338105803
2.4739327330507885,0.6952624000338307
2.482680409000274,0.7359839507973612
2.4829701355532254,0.7255296722418939
2.484438300797639,0.7586659705665102
2.4874223356198923,0.7762139696449513
2.5022514589387743,0.8760198773309382
2.505001907650902,0.8831818692766014
2.5174801795730843,0.9440666037250875
2.554046174758219,1.1589268619048714
2.56421273115053,1.175592732019636
2.5958647699236668,1.3074003816162096
2.600455905474605,1.2809404833343445
2.6006355546364226,1.281049800671385
2.603884187064077,1.303977374648595
2.609796927127638,1.3171997336983465
2.6128938455205137,1.3170548626424037
2.616858996326238,1.316217009165752
2.620531300618869,1.325096755780087
2.637128070082431,1.346576696048383
2.6372434525216217,1.3376243014118399
2.6777441018967743,1.295903614762552
2.679570252817781,1.2952307730348467
2.721002773742187,1.1457571765434178
2.726878268268095,1.097537241803577
2.738399464478297,1.0429244575895393
2.7392986195401186,1.0236737996750607
2.7425555546839755,1.0186852146495715
2.745137990498325,0.9887361484802984
2.772689985161766,0.7811496604968583
2.7752432382613854,0.760719139504978
2.7888184137512013,0.6616212337352054
2.8011050649951823,0.5619012440411266
2.8035263719496895,0.5484446784374262
2.819318493900388,0.3711532971932717
2.8534747392210384,0.04872876042703876
2.8627861369748997,-0.04554124621649846
2.871413261105637,-0.13113329380965597
2.873636562233922,-0.17580904611050005
2.880472015632323,-0.22970477108541443
2.8805766967782738,-0.24802999192014122
2.8961598061094893,-0.39988095020198144
2.942094231658894,-0.8551390774134657
2.9464135175164516,-0.8916652450109496
2.9508759526539077,-0.9177083097214737
2.9837260176347655,-1.205321923363525
2.988107085282829,-1.250174817020561
2.990182354544455,-1.2362187004479657
2.9906834561514355,-1.2540432332170866
2.996005006498379,-1.3076729522908452
3.004072241829938,-1.3641951058959614
3.0134487473015685,-1.4211298586973977
3.0665693530206433,-1.6369329287685552
3.0744506754659326,-1.6373638447577938
3.104988222307245,-1.6700734064093927
3.114174696283058,-1.6625831564176072
3.1170727345687723,-1.661427816505506
3.1245032540883866,-1.6503590261642642
3.139353608704724,-1.613287800091865
3.1425469817975724,-1.6052416617312226
3.147541222999134,-1.5902007254583683
3.1536504673656474,-1.5607003938667738
3.177044466115399,-1.4751766539181275
3.179130539088254,-1.464058114592062
3.1825150550859593,-1.4396513412284142
3.18350478841762,-1.447530098302927
3.200679214953464,-1.3426866252359146
3.2122042386024,-1.2514749134847638
3.217838542212638,-1.2270179125087217
3.235603936531092,-1.0941018787147105
3.252652195419321,-0.979092243384564
3.268258486531499,-0.8180764643743219
3.2773239494143596,-0.7734274350291889
3.294127447010501,-0.6169946755603369
3.300824423226455,-0.5614355012937893
3.303546919313842,-0.5367420211177523
3.3045627936987287,-0.5255250581969593
3.3139424657612544,-0.44880727065111314
3.3185886309277066,-0.40935614837402534
3.329487145130779,-0.32874853869977344
3.3453736246940835,-0.19737285384174363
3.351975832438237,-0.12395258617511996
3.362736631002365,-0.04042537114325395
3.385137836634309,0.10524347346114651
3.3964531233879196,0.1908799813120531
3.4117969759159585,0.31232780405922805
3.4157855735099645,0.33182326514244953
3.428603007997813,0.3899176982753492
3.435873384346271,0.440295977307018
3.442837590005663,0.4742447514655388
3.451493216726476,0.5116293789405587
3.4574403268281646,0.5312215757862132
3.463268298472828,0.5704065360343102
3.46822585339927,0.5951468508056821
3.4780515951106246,0.6163711362008663
3.501550554561396,0.6701165842931484
3.548521228500821,0.7040670860618607
3.559481246644493,0.6998692695671156
3.5643310532023023,0.6884094279095947
3.5662530455434087,0.6877917124329581
3.577125434220479,0.6768771341377217
3.598312268123806,0.6323831423551219
3.611846334394695,0.5874356245124918
3.612001170342719,0.5913571292801463
3.6203536765193736,0.5630914663337369
3.6204848304771993,0.5714155671494094
3.6305119257857434,0.5423940190718647
3.6318977996312682,0.5319653464948313
3.652895513759523,0.4433543454895588
3.658899962669457,0.44016675642675257
3.6594776332647,0.4354331067916706
3.665560462662121,0.41379614577380663
3.665769257882056,0.41520400881877473
3.672420165139892,0.38220788164174685
3.674968155477531,0.388122511933624
3.6955689353682324,0.3116391467611245
3.695656660733352,0.30758319064943784
3.715639109763009,0.2266279304447186
3.7182319562281467,0.20387793598880719
3.7262118526463546,0.17267082396270014
3.7404854640473744,0.11123364695019416
3.7529999204640205,0.08523496661525845
3.780499557321985,-0.0028916982335112818
3.8060249671630135,-0.059630619710824
3.834998294908269,-0.1237526324045778
3.8391945758648216,-0.1426925308344987
3.87149733618649,-0.1518276904210733
3.871617578401837,-0.12985506047599363
3.8728521770064166,-0.1625812877530748
3.8755564184129696,-0.15432469761917494
3.876333170278741,-0.1756418156604688
3.8778093747660556,-0.16203599782025335
3.8779698041158923,-0.16308166518399092
3.890911168504072,-0.15791509201125462
3.8968403681077906,-0.17227979458580864
3.899451094031079,-0.16206882241991047
3.909920353383397,-0.15275412777751762
3.92259950603575,-0.1497624393166369
3.9363215374590723,-0.15026939450999213
3.938276374277253,-0.1479115725809142
3.9652861341881724,-0.11771708646477957
3.98762934727875,-0.05400258166741486
3.9979868746087774,-0.05790341874986345
3.998640361232816,-0.05042552653712126
3.999352341223867,-0.06508099395138604
4.014626721024012,-0.023625212724418067
4.019164224336304,-0.005025907568405196
4.020575085740637,-0.003324535553801843
4.031799402230353,0.0032126824272936706
4.042456593510874,0.026688805682443823
4.045102048203319,0.025532582922399204
4.059431150151182,0.04749793936584064
4.0652693488836125,0.05917408999348761
4.077363536588738,0.052557837855051664
4.082765545859383,0.08103956671452736
4.08422424627863,0.1008521194291288
4.0870301490096885,0.08062304049819284
4.091093685855512,0.09937940958744425
4.113820342949326,0.12779760538138893
4.116590438561413,0.13201953015953247
4.14074841378066,0.12309409367642474
4.153649478845109,0.1194776873179556
4.167455700552159,0.14457799770269084
4.1676427091942205,0.12031161688127111
4.196025682977574,0.10485006403202665
4.198755653662232,0.10870729504588668
4.209572033990007,0.10286421587416573
4.2098365452287165,0.09766023733862299
4.228872067090176,0.051751161968013284
4.232285843644272,0.07505812202949351
4.232604723148212,0.06410388771486764
4.25793222432139,0.010940966549380208
4.270518584056159,-0.02481644783697991
4.275327426849163,-0.020848404661915714
4.2938503598365365,-0.06928326008585511
4.302917707711702,-0.09266810852487084
4.310109034570113,-0.10033417945808358
4.313849146563975,-0.10796022770351753
4.340667216671255,-0.17823732924187768
4.345400895198406,-0.1808307456237435
4.363641709132363,-0.21353916142965865
4.374342248372763,-0.23311638398348022
4.379929859104667,-0.2146687471770563
4.40958398085596,-0.2800482312892362
4.409829742973679,-0.28763839269118996
4.425595534818381,-0.2910110480925321
4.450319513260336,-0.2902693669641401
4.451415848544084,-0.29360416722770627
4.452401389587925,-0.29222475354929545
4.458916481229579,-0.2853561964120476
4.474428696564237,-0.2728974280921533
4.478791683296649,-0.27742064882903583
4.522383313313981,-0.18550660941071803
4.526691623602199,-0.1578076120005382
4.537370537089664,-0.12790789561833132
4.541742644966565,-0.11347485612937379
4.550275204394202,-0.06273728466333263
4.561413018168034,-0.022891949962792597
4.564282092173098,-0.03324962154428447
4.578540362189305,0.06161119548926787
4.582456167331692,0.0844435180334855
4.606747523401019,0.20828637734922142
4.615398912384283,0.2512917392953945
4.623506885465833,0.2956391945343357
4.625340198648576,0.3151041520476408
4.629092544920141,0.3357976690384976
4.66673404532181,0.5600845393155911
4.670370327152094,0.5816456465245708
4.688083663384077,0.6926741091543047
4.708382277074932,0.835582478935575
4.70861468586555,0.8197190714689888
4.750407337080485,1.0693520669376415
4.760242671974483,1.1173019990846444
4.772135582508591,1.1644512392783044
4.784973356364407,1.223776031563095
4.805592408970291,1.2841723076237685
4.8169767015533935,1.3015787357632664
4.839756809994649,1.3573117459246555
4.854774011623535,1.3306973444486105
4.857288416500566,1.332553095942309
4.865789520129455,1.3205219258367198
4.892056370357945,1.2964951035892105
4.902150286428547,1.2746503863452627
4.910078453139642,1.2201363743386902
4.916929296122088,1.2063992751672146
4.928125448153329,1.1476490055543744
4.93719719260419,1.096512779891336
4.940752522889211,1.0845094025117086
4.943316845821657,1.0678134049737458
4.944895720736172,1.079305977506809
4.957110304429465,0.9836488229047451
4.99403062257201,0.7157648872784859
