n_harmonics,base_freq,magnitudes_0,magnitudes_1,magnitudes_2,phases_0,phases_1,phases_2,instruments_0,instruments_1,instruments_2
1,2.0337238248994858,-0.8463559072585298,0,0,1.9490856762145705,0,0,sin,,
x,y
-4.995517496580321,0.7699761292539292
-4.982721897782145,0.7968911181841418
-4.979149322815645,0.7888778420093382
-4.970975517336612,0.8178092211474324
-4.9495455113037865,0.8237215880637472
-4.930445394052857,0.8220884818061449
-4.929385453654225,0.8287021981529249
-4.922612638188281,0.8229571343409356
-4.913782714924366,0.8185631389152799
-4.908679477308265,0.8030624087619123
-4.89769323040964,0.8355511879145547
-4.895820664816981,0.8505695345152402
-4.8736092312328125,0.8537997584712219
-4.869004377907467,0.8445298804500092
-4.866572591118004,0.8355578425799657
-4.866093730067363,0.8427471476497388
-4.857786616841303,0.8439597283979653
-4.809546718011331,0.8432526618645767
-4.807171472375666,0.8721789725557433
-4.799625901635856,0.8321430072860111
-4.79334556552565,0.8426078245343087
-4.791497420973904,0.8388122766547751
-4.784442800074711,0.8446765360304065
-4.781058025027351,0.8471489156952114
-4.7805768283581065,0.8487781477428125
-4.760981237299785,0.8571551566870409
-4.734824702061702,0.8304464362431795
-4.718632325504486,0.8254126858506613
-4.686282644087618,0.8205417946300916
-4.6758903413622654,0.8005757397943386
-4.669877853391194,0.7925739787894869
-4.648417355841251,0.7907408891427038
-4.638457290688029,0.7884380600737066
-4.616242998993024,0.7689397465998622
-4.602950220481635,0.7642318206988761
-4.601810347104226,0.7611067804073178
-4.590543286839952,0.7492806515744267
-4.583899934734631,0.7663344838354288
-4.579040750071499,0.7396930416963312
-4.578429494274856,0.7561405793928531
-4.555353248130726,0.7318184854092584
-4.553040219812051,0.7260207377228763
-4.548678425471958,0.7314850278251159
-4.535392454974776,0.7016099215583558
-4.5251145116293365,0.6942467277202999
-4.52360716187761,0.7053837834898402
-4.520168249258491,0.7021265369242076
-4.512720253504467,0.697270484806045
-4.501748098243029,0.6788636209746626
-4.501129101401416,0.6578846675310185
-4.490454996933675,0.6489621770016262
-4.4889133685379,0.6510900795760508
-4.486438967286124,0.6456784069552698
-4.48382154858213,0.6383727572444977
-4.4810819443933525,0.6519264426708289
-4.474079431195164,0.6483622092080028
-4.472311009259606,0.6517611017034409
-4.469886981671739,0.636997417671154
-4.437900434238566,0.5687064677378411
-4.437252403063805,0.6189813846758552
-4.43426743968251,0.5967236694252098
-4.421305282670549,0.5656163404239484
-4.415724984350053,0.5787838479744657
-4.400026848273355,0.55281613931744
-4.383928251570954,0.5340623008401285
-4.376901178107299,0.5270838190161939
-4.371517868786672,0.5089494641934889
-4.353784525328811,0.47790140640656703
-4.3399467837029455,0.48667673902568903
-4.3268551862677,0.4480618425232076
-4.3111678699365195,0.4303809701664639
-4.277679714470928,0.381710790924204
-4.258663585065654,0.35262143751440567
-4.248036242563359,0.33938108440854525
-4.240179465818883,0.3391895883397792
-4.207740291021205,0.2723728362103376
-4.175012941660596,0.21743985328954968
-4.174417085436205,0.2123433126153528
-4.171731745457863,0.20513314482839315
-4.1671300851858275,0.1981337810060395
-4.162624776241202,0.20643089133044984
-4.136993127787173,0.1634523200384204
-4.1310458215154755,0.13417187021919144
-4.106348539876054,0.11398539551800756
-4.104657303600765,0.11347603118920921
-4.082594723911082,0.05847107394123918
-4.081606848665925,0.06201295718653585
-4.060894485532626,0.005374753567154569
-4.05769623281092,0.020209628295869524
-4.046934891508009,-0.003767450930282635
-4.045097096111347,0.00734979982643569
-4.039506152718758,-0.0053458607827241034
-4.031808396411051,-0.024697958827695987
-4.000130720217575,-0.08113023157253024
-3.9971520775548894,-0.10533731432129065
-3.9895822726318517,-0.09093791643679973
-3.9676597202632813,-0.15086949763534052
-3.961000380131817,-0.16478305508295746
-3.955940512085363,-0.15328180431689573
-3.9532089299399367,-0.15845508084802318
-3.9449254103675893,-0.1704310606517211
-3.9395649203939485,-0.15826495383001915
-3.9364134933031814,-0.18777709562842954
-3.9286750925515044,-0.19890458815814643
-3.909399664657908,-0.24668169376664084
-3.906710231114311,-0.23309836275534968
-3.9009931403322486,-0.2436936340124258
-3.895002159964184,-0.2854469334911389
-3.8929806777763876,-0.2704998473895645
-3.8896520225832285,-0.26915738153552
-3.880373763515749,-0.27454435171827135
-3.8785529627745707,-0.28524333142970465
-3.8613201582657797,-0.3193093527331079
-3.8593095796260357,-0.3092129390518386
-3.8433526390567208,-0.3447465446996756
-3.8030106943888353,-0.4064958031767522
-3.7857487791823887,-0.4397977249441511
-3.7725512092892357,-0.45115004903877515
-3.76720740770451,-0.43661342875234127
-3.75646440496305,-0.48478732517998546
-3.752828066798867,-0.46035428293080083
-3.735356155501921,-0.48879375949620846
-3.723048581050162,-0.5119357841441762
-3.718264070174575,-0.5150177028582085
-3.704748789983281,-0.5483418257276923
-3.6943569966298186,-0.5742952124215532
-3.6792953233091987,-0.5717080073529396
-3.6746218163612223,-0.5800514768804473
-3.6728067034245604,-0.5775096533897969
-3.637057694763326,-0.6380051790009024
-3.600116327995683,-0.6827381589130631
-3.595225539790863,-0.664552452846353
-3.5949658976404897,-0.6794844252201637
-3.577404673883562,-0.7016400320369631
-3.5716418356232484,-0.6772109009972176
-3.5650698456992047,-0.7140421278393742
-3.561163573012567,-0.6905633416849498
-3.5542704783931,-0.7028053366381594
-3.5539889600129992,-0.707347568312892
-3.5487392296309164,-0.7104960846499175
-3.5319378586493624,-0.7443920658378935
-3.5288359344130837,-0.7420193597358143
-3.5278194765922164,-0.7406033498363536
-3.526480162931973,-0.7410103468168974
-3.5196333158324435,-0.7577612830446258
-3.513474531136783,-0.7480124221555836
-3.4860502195641896,-0.7667344279787802
-3.4685291805097176,-0.7919224639763578
-3.4612359695811534,-0.7993052484818315
-3.4587240021664902,-0.7872836135939933
-3.4501392339800296,-0.7937087533851087
-3.4465749910863472,-0.8042785094728659
-3.428261921905894,-0.826328973148974
-3.4216460219070233,-0.8139102397258146
-3.410329719419236,-0.8200261918546184
-3.3944375138467886,-0.8164610654984122
-3.3623625677581517,-0.8456912420990078
-3.351178031785753,-0.8452700797256641
-3.35034391032375,-0.8375001665415911
-3.3455873574334816,-0.8377836024937745
-3.3362892884386364,-0.842477151138324
-3.304718685417325,-0.855296911413402
-3.3027539231644134,-0.8519966468332142
-3.2913824741629916,-0.8352991646236759
-3.2855021966468687,-0.854839647637642
-3.2816466946128275,-0.8475619356620562
-3.27693232826757,-0.8513808329639143
-3.2766684135522217,-0.857537681321182
-3.2668344231931257,-0.8403536257236299
-3.2629266027164503,-0.8487468984760945
-3.260568946887913,-0.8450983546040391
-3.2576817535670024,-0.8600288148142213
-3.2362536848830405,-0.8265509275057104
-3.221802538385634,-0.8548947622952668
-3.21699797294126,-0.8368371758436377
-3.1810257891421214,-0.8261035500848911
-3.1798425176153855,-0.8206432465750375
-3.1647322272842073,-0.8381684830335459
-3.153619892508137,-0.8140064423897894
-3.13048948936323,-0.8010301933736954
-3.104962790485706,-0.8027853746102843
-3.091102659551135,-0.7712063584868201
-3.0765608450144732,-0.7870352965366385
-3.06927782108273,-0.7708222196355982
-3.045187028462397,-0.7566481553190619
-3.0388526394183,-0.7491813763212791
-2.997613153728386,-0.7158894732787487
-2.991563222044281,-0.7331633428886319
-2.9866765333279135,-0.6999470664774671
-2.979356354851208,-0.7198645684822335
-2.9766184225770242,-0.6872832048596602
-2.9712641731918987,-0.6919545753326354
-2.969132627185137,-0.6801677800924181
-2.949780555550825,-0.6559382647985997
-2.9389869134997246,-0.65994211672092
-2.934315719776226,-0.6543808198832263
-2.924590316379941,-0.6475767846673521
-2.9063398453922473,-0.6208659690286329
-2.9038016571513383,-0.6326678166578108
-2.9026152861949983,-0.6227701825573096
-2.872374456441602,-0.5854995842895718
-2.8620867869559987,-0.555710763128619
-2.8367844755946834,-0.5439163368423087
-2.834435694451839,-0.543528794172315
-2.825574153742566,-0.5173428485960447
-2.799456445394507,-0.47231873101319655
-2.7825432370702274,-0.4302993965256259
-2.773797969080282,-0.4369690482433598
-2.7708974965989333,-0.4425893128274776
-2.762404201246472,-0.41658496873549045
-2.7506931311724836,-0.4137980881781572
-2.750277501662237,-0.3941566073206598
-2.730996331418072,-0.37612044356553953
-2.704966089836293,-0.3242887742103256
-2.6914417565243376,-0.32747576967889125
-2.6852620772869717,-0.30073190842429676
-2.679339867095157,-0.29720029305827594
-2.6636890649593923,-0.2725165739661705
-2.6630134151468052,-0.26725858831945876
-2.654845928647039,-0.24888862555281474
-2.649977713802596,-0.25915006872337515
-2.617339915622401,-0.1882568354019395
-2.6139926577754524,-0.1959929330488098
-2.613165428313289,-0.18204458626875888
-2.6115565652941686,-0.2035711628752503
-2.602782817906265,-0.15663047370080818
-2.545373554847835,-0.08352328529396602
-2.545246950055656,-0.07291946181601532
-2.5406391449265806,-0.054728795687607724
-2.5219397436985025,-0.053907581612577485
-2.488130699441715,0.029082666020844285
-2.487358747332297,0.047742366180436216
-2.464764962237952,0.06736705246892655
-2.4578228747638233,0.06999015390817737
-2.4548035300304005,0.09888129251367167
-2.4282554775136256,0.1146366858787026
-2.4046442847698124,0.1515522044856149
-2.4029761060099974,0.1662582787157658
-2.378934706463575,0.22096386698276052
-2.3717985525172547,0.22669199639633994
-2.3642967847309015,0.22943886559717708
-2.3512374245570413,0.2744504135785422
-2.3450112235522647,0.2650807400901237
-2.341076079944915,0.27785703903470776
-2.322519208179573,0.2923538099121517
-2.3131382509767784,0.31962773163316965
-2.307412877424108,0.3326173170127488
-2.2985939094299512,0.34537445737843775
-2.2978211202341314,0.36100713520009975
-2.2956575975326343,0.3428740336395153
-2.289705771716899,0.353627450068458
-2.2826904576497986,0.36617998397570456
-2.276530284202508,0.36132907099694633
-2.23583179120416,0.4354923464524335
-2.2330068647388233,0.45603170659907233
-2.219439195128067,0.46700757634143353
-2.218437242421353,0.45678257932624566
-2.204925649227889,0.48986820174701207
-2.203777360621774,0.49063895985945444
-2.2013593787498484,0.49901685090601083
-2.1913440467948595,0.5079365119716764
-2.1899125742643055,0.48838484651450903
-2.163474984403586,0.5353086879551194
-2.1622172574626894,0.5340546669185129
-2.140992087200372,0.5794737855960286
-2.132049822270311,0.5785069799733026
-2.1242156574363182,0.5761925625695472
-2.117595900417361,0.5906238005879696
-2.066018017963096,0.6465623387321617
-2.056688638828957,0.6694940325609423
-2.056309583165292,0.6876782146011169
-2.0262878604578405,0.6914406665666656
-2.008488988998284,0.70995296908364
-2.003122329591344,0.7220512912113118
-2.001202364310908,0.7282468202790261
-1.9942487337172885,0.7209059199799643
-1.9932537267485673,0.7430220171161553
-1.9414082772019494,0.7855567130174228
-1.9363696485892579,0.7830038515401329
-1.9303535623537451,0.7665791730152698
-1.9299236162809628,0.7807792777376512
-1.9212682018292213,0.7892384255146454
-1.911938022662806,0.7938943869143952
-1.9083775662536349,0.7804335071748201
-1.9064822902429435,0.7740157259269754
-1.8945647808856214,0.7988556671145942
-1.8819401210387667,0.8098564231580676
-1.878382085542877,0.8005911254907522
-1.847681757087697,0.8144440304748516
-1.8412274527418502,0.8291010397797899
-1.8207507764753341,0.8405015596629996
-1.8140029450722874,0.8295495967524676
-1.8122996034726868,0.8540061755412226
-1.8090320606424815,0.839297874339565
-1.7929222080307805,0.8261335010580428
-1.7863973302935445,0.8379956535806674
-1.7537101975646552,0.8231408032017465
-1.7431932416155016,0.8394470064549356
-1.727937544027439,0.8681257205141575
-1.7186656541451928,0.8326043477031873
-1.7156751142016438,0.8695294975549883
-1.6918431264878695,0.8443616802805632
-1.6698521161459667,0.8411942968163599
-1.650823290736092,0.833675198254641
-1.6505261470984323,0.8282948691957549
-1.6336171780491346,0.8435871082408908
-1.6303937154033044,0.8133318532959911
-1.622322507068633,0.8441384287027445
-1.5869215113572652,0.8055280966058451
-1.5550573209122387,0.7991961346029065
-1.55471732904916,0.7915155577964162
-1.4976298497604779,0.7612936880313075
-1.4733693687946046,0.7319800016408307
-1.4504986652453358,0.7033521529021265
-1.4423328977545458,0.7087806919606349
-1.4417768565732905,0.7088595087894285
-1.432477154892069,0.6902945057540056
-1.4290394502016546,0.6856299335548419
-1.4264787306376778,0.6990149678356651
-1.4249705095621898,0.6829652422606488
-1.4199306499732534,0.6976595272961285
-1.411048621238912,0.6792771364110032
-1.4103133562695835,0.6883429715801648
-1.402238973135522,0.6642787100724216
-1.397137135032509,0.6616393017702581
-1.3913606970886958,0.6668433622456263
-1.3888137533595293,0.6520015458957655
-1.369706308713484,0.617700955262877
-1.365878837342056,0.6331661441906574
-1.363740852153703,0.6191748483894564
-1.3536695363998308,0.6096475095615131
-1.3460521438150619,0.608635207909385
-1.3447295147519736,0.6137422047516575
-1.328198929319134,0.589658223024416
-1.309361537644076,0.5299128676946668
-1.2930631338656964,0.5463473616543156
-1.2893005034874836,0.5301958684560509
-1.2883139026510948,0.5143807034640846
-1.2865465189729797,0.5321691865500114
-1.2788657920810564,0.5175153413295431
-1.2762858903689822,0.5078866181785301
-1.2554451414881038,0.46452506550865563
-1.2534714007897563,0.4698130441087578
-1.252530085698874,0.47778028664954103
-1.2325751138886822,0.45327271331779573
-1.2240007928066299,0.41606874148680223
-1.2224960600842536,0.4291916218206717
-1.2125032373231868,0.4098188297662178
-1.2019058943277408,0.4073556407988636
-1.1952340634058656,0.39663610280354317
-1.1938251753004279,0.3912036170628331
-1.189590303192304,0.36431187006056814
-1.1866511666331903,0.36795355380164735
-1.1833984957725274,0.3907357716854163
-1.180194984472652,0.38165993868378373
-1.1624345805592173,0.34474463379349046
-1.1308853912524897,0.2978350559069158
-1.1282072974172075,0.2853705562423958
-1.1277727344707387,0.28523554126188855
-1.1144836428074822,0.256509753838408
-1.1139581717150948,0.27237837418318267
-1.103763809870614,0.23725479765697666
-1.0936518146035512,0.23514890267352284
-1.0934275838363217,0.2338175668162102
-1.087624860022415,0.2196317656917684
-1.082328391126751,0.23658524865441366
-1.0722279062220084,0.18311588431986806
-1.052658268101263,0.14598586645654332
-1.0526429042956273,0.15182233664901904
-1.0434020025278712,0.14333993451811272
-1.0396484851635126,0.14358955484989797
-1.0385392403904747,0.129940149490601
-1.0360725264232329,0.12672618242743885
-1.0352524809577215,0.15521579960900989
-1.0146057575225207,0.08348776180471727
-1.0096256184925902,0.088621892644378
-1.006325913816648,0.08071202625581705
-0.980075731269209,0.037183974994009245
-0.9536770124917258,-0.009162662046282643
-0.9321943029059909,-0.03652949966385485
-0.9227463329113474,-0.060466166141708126
-0.915485539915383,-0.0819199095115121
-0.8986542960435449,-0.10031721442032461
-0.8956009179135025,-0.10875504351120337
-0.8904135741299406,-0.10597517246730409
-0.8833825220988958,-0.14211994674902312
-0.877910684726225,-0.13851133320932185
-0.87436222682308,-0.13205213750197967
-0.8731526834864063,-0.13578269989203934
-0.871390381266659,-0.15727445156963968
-0.8573370823581881,-0.175538453657802
-0.8564552458246988,-0.15288067698571528
-0.8509008625994516,-0.19153618769464414
-0.8502690137849189,-0.1906774254131028
-0.8361661240437357,-0.2177824078174171
-0.8181640771249139,-0.23499551363968477
-0.8158252555707355,-0.2583399275835581
-0.812463136859324,-0.23921363750257815
-0.7757767715779771,-0.29818019270866486
-0.7667127561786016,-0.34115893949119597
-0.7663911473599132,-0.3156632607185232
-0.7168806044971419,-0.40247082237625714
-0.6977332159491691,-0.41377291675942834
-0.6944754253182719,-0.4348788575904767
-0.6937893866561939,-0.42079279066643904
-0.6936336621764907,-0.4416475514018753
-0.6854832796986274,-0.4465479640771991
-0.6824691568536387,-0.4412383301606126
-0.6756298815273452,-0.4565355572695426
-0.629248848113857,-0.5222108764100296
-0.61201006350481,-0.5541092548893329
-0.6032652097461906,-0.5563566582635087
-0.5935327335147349,-0.5701475810995407
-0.5899517734603368,-0.5977127076408575
-0.5531252893428924,-0.6270599105431435
-0.5503083664545922,-0.6138532582327327
-0.5432502679229216,-0.6525236493890408
-0.5415458116231253,-0.6353822611539993
-0.5394035241978887,-0.6405276904740125
-0.5022765551143173,-0.6838865506394007
-0.49514276036606386,-0.6841476724222657
-0.4742905651611009,-0.7099932102978775
-0.46404501882493765,-0.7043277143599074
-0.4631619641032163,-0.7245615279990653
-0.45837962272214394,-0.7221837981825656
-0.4545250335504196,-0.7069924523990877
-0.4519779091292282,-0.7204906843572308
-0.4381816831063734,-0.722869728035684
-0.4380288429609358,-0.7545423591057352
-0.4086576120429779,-0.7585009116803174
-0.4038662187571518,-0.7649010413124341
-0.4013395691156765,-0.7613861558377779
-0.37875277211339853,-0.7872746871745647
-0.36541606303315266,-0.7990582447098604
-0.35483783275236114,-0.8034156144687791
-0.3479328666087147,-0.776797382386719
-0.34564967725908957,-0.8266836020863851
-0.34112446685217623,-0.7948974748511488
-0.31008286398330664,-0.8347461152622018
-0.27900586186723064,-0.8114437534353951
-0.2758227226504175,-0.8188742867643322
-0.2726576080530352,-0.8285350707288734
-0.2725873729562087,-0.8581541431365086
-0.270081200106719,-0.8310051041831688
-0.26778283649395807,-0.8442939305800039
-0.2605283941498264,-0.8556317531353194
-0.25958733571903725,-0.808918289570532
-0.19695767867989744,-0.8365544863264078
-0.1779580162919263,-0.8674628138730646
-0.17578983807529802,-0.8542382954654881
-0.15753495591487532,-0.8417617334875036
-0.15644647492968033,-0.8501683684963698
-0.13512622871595692,-0.8398175691201215
-0.13221519329664133,-0.8519168292207571
-0.12213271615553101,-0.8480129369556737
-0.11707278569913093,-0.8438205392528525
-0.1097708673826201,-0.8341066370506617
-0.10549841884596489,-0.8320750730329174
-0.09436403335447707,-0.8506264057753118
-0.08635024064274788,-0.8368041346817596
-0.07132820260703365,-0.8174503057245599
-0.06544388611628804,-0.8239990550540159
-0.03818939514574016,-0.8229810906812756
-0.03713558024491359,-0.8069265694751826
-0.03040366555910623,-0.8049259369928583
0.0019705336865074585,-0.7902707981115048
0.002490907123023689,-0.7740369310358748
0.0334512144259822,-0.7688426289016177
0.04346992457811005,-0.7591381499782522
0.05614137728448654,-0.741409093637894
0.09265406804640897,-0.7218932794278773
0.11134103146301566,-0.6903250140382612
0.13121751912369195,-0.6940781100403873
0.1466374418759253,-0.65003122540094
0.1479985657858398,-0.648292915853509
0.17145121652457185,-0.6363103659283975
0.17224713804818315,-0.6425386937474166
0.17870416812605505,-0.6205713478052479
0.17987616242800097,-0.6278728830005877
0.2058499673675085,-0.5792417935290066
0.2254208624638796,-0.5515296696185454
0.2478656030476305,-0.5365739799458481
0.2758878694443032,-0.4944786992119207
0.28343753272656347,-0.4905814068273508
0.2847471169692328,-0.483312604893584
0.29470202572970816,-0.46156680861015437
0.30272971052310993,-0.4707855903162172
0.3129384024848738,-0.4425696271263752
0.33695935880599936,-0.4216301420123591
0.3493705906301203,-0.39015276188439046
0.36713035923600223,-0.3447524242792241
0.36786744417936035,-0.3684322195887667
0.3916721066588522,-0.3201930053804429
0.3951715730758574,-0.3180961821828552
0.411247962628277,-0.28281326779422267
0.414328712664882,-0.30288199925081166
0.424902811442589,-0.2843666375007351
0.43052130091301244,-0.2533105545875554
0.44017057158103157,-0.24569060287055633
0.4413205846518107,-0.2520078416487565
0.4609429866887744,-0.21959598169669273
0.4831686065808105,-0.1676911193033646
0.4855018098331767,-0.1737114353938964
0.48554783811897373,-0.17707255590305832
0.5083565933781742,-0.14473894492237777
0.5200303141077622,-0.11973642266372393
0.5210392701579902,-0.11983928347304552
0.5334573069726716,-0.08742440419045215
0.5402754533465028,-0.09540177176650692
0.5416537441871752,-0.09023519980239379
0.5525775511142825,-0.049572996493391544
0.5528456937148363,-0.05865259942808057
0.5571689796082877,-0.041948304546465344
0.5587520050661778,-0.05947363262038126
0.5590383320062013,-0.055478054388999484
0.5600811501941108,-0.06063412279635952
0.6036417850640419,0.037765244022860696
0.6134492362849251,0.02413052084102428
0.6216837288669659,0.04696644514794291
0.6344203927359002,0.08114538891853161
0.6426278356588719,0.09102655826675518
0.6633227248305262,0.11051576926171008
0.6947046417218026,0.18184845190058355
0.6979652911387291,0.1963666205133927
0.7053732844262681,0.20375391564242107
0.7209236184196754,0.22928109744819192
0.7212847038938772,0.2314399391066843
0.7241766763152855,0.22280125248817478
0.7306983176159232,0.2526691245856252
0.7418544154851938,0.25518241184709567
0.7456359918826934,0.2631865081625766
0.7512564831039148,0.28318660897003584
0.7681080784154206,0.3129690877007451
0.7759287114895139,0.3183944427845234
0.7879494830154155,0.33321925485599224
0.793912356163192,0.3537095483693722
0.8055937404588391,0.36482915052237985
0.8125610143876427,0.3894449275223156
0.8192571824376387,0.38429821932584196
0.8231524300657433,0.3911841539874867
0.8260194605922795,0.4052047849345968
0.8298782882674942,0.3893030181664687
0.8304982612464027,0.41351126731351007
0.830750952732819,0.3784810248537521
0.8370261841423243,0.40394650799127363
0.8586480972374488,0.4604531442551608
0.8649627646645941,0.45820710248140717
0.8716550766090778,0.47300361219700676
0.8872724821002942,0.49651384091295475
0.8981039093838925,0.5081547324882133
0.9268058848516727,0.5260861480692252
0.9299267428831612,0.5501317912895235
0.9299892457046957,0.5361930022805645
0.9303223598651691,0.55842248438822
0.9427142110217632,0.561957265203875
0.9447902372504045,0.5604442259467421
0.9559511652638424,0.5848305745436795
0.9565378241911553,0.5712962531435214
0.9670103613109031,0.5826889828812563
0.981591204707092,0.6009028642708515
0.9881935236120292,0.6163336420627221
0.9895879011846551,0.6054572676409711
0.9933847788421399,0.6114263328547911
0.9941826886547567,0.6277102437701111
1.0002980032271367,0.6151171483422045
1.007045829489286,0.6322626241056218
1.0136291356458038,0.6485730046743514
1.0144539658866485,0.656063626365571
1.0252680071033797,0.6707569926024335
1.0254701928027332,0.6507165445104085
1.0315261012239239,0.6601930797943834
1.0407200152284588,0.6770025774939872
1.0432368590214374,0.6799102408110487
1.0494584512225602,0.6736651146795435
1.057185549806655,0.6853191535551403
1.0641717650798483,0.6851260179486709
1.0642469240298533,0.7205469027968281
1.0685725691134103,0.7002794196186162
1.0728140585085004,0.7055151350500232
1.089055439286427,0.7383825812651132
1.0991199149403368,0.7254101866384878
1.108101331700711,0.7296221542673903
1.1218998691574882,0.7527611017921492
1.135490166787541,0.7686048240961418
1.1411858147794192,0.765004652386276
1.1477482564944452,0.7827751583971171
1.1573555823014106,0.7926869968378766
1.1578034374372574,0.7738545903025219
1.1592528478704258,0.7630385443817236
1.1662169446263864,0.7789367346735606
1.1676570154429031,0.7764153096908541
1.1741761642675996,0.7889408029490116
1.1768624681247655,0.8013619681360673
1.1776240747193647,0.79717239650973
1.196836005365589,0.8049335709364491
1.211079630963222,0.8131582994181242
1.2128868723555852,0.814382339421376
1.2286937462433816,0.8184160556261987
1.2639524762308252,0.824536378826757
1.269183649694945,0.8184694575110396
1.293851219351188,0.8425379913196952
1.296915036430594,0.8306925627930344
1.3009668226379931,0.8290132451663881
1.3208865840884716,0.8502351778933737
1.3213563937304702,0.8368664330829881
1.3253992586903083,0.854439687049395
1.34479441366169,0.8500446400892283
1.3449579494743933,0.8424897533119436
1.3495093392206474,0.831015471903949
1.3513583930453592,0.8440334713064773
1.3627249352127704,0.8424012613702032
1.3770953279386555,0.8320189999722017
1.3775542757993335,0.8345221107019474
1.4020414660096714,0.8522305981652504
1.4045437810584582,0.830681128498431
1.4100794698858818,0.8462378296598886
1.4165136784976609,0.8312614108465163
1.4238416819143094,0.8212403634974628
1.424611451881555,0.836953751245533
1.4253305262632567,0.8336114451113704
1.4276926155975893,0.8239934996292501
1.4329395492836614,0.8359765776393305
1.443877403140938,0.8259886133341731
1.4439605334874859,0.8420255945328788
1.4563244277470062,0.8057804415884233
1.4576644273156454,0.8413265559991134
1.4747332049735764,0.8277882752343532
1.4784376373852908,0.8107617440296323
1.4959628890604737,0.8290258168105794
1.5085339434553173,0.8068471398739453
1.5622880186718069,0.7847413405287736
1.5784801027127857,0.7536905406995116
1.585183792160933,0.7528189266814539
1.5865148887153921,0.7631634504932981
1.598349995050378,0.7453789616225773
1.6249305290809124,0.7157852541237664
1.6295656102391547,0.716037121806365
1.6361952302247769,0.7225041781241859
1.6429207623011512,0.7077036067192446
1.6474548485899145,0.7081249786905228
1.6714898840604517,0.6735295653500339
1.6751862493309755,0.6796400395297363
1.6752450250913773,0.6837961940015523
1.6775391917680622,0.6871395130102551
1.6804743623299014,0.6784737450584838
1.6854226623792288,0.676952957024987
1.687039293916901,0.6723973704365392
1.6899533402332896,0.6621172124200745
1.6902970401739204,0.6497978742076179
1.7136707773957118,0.633362644725245
1.7169272376196743,0.6305819726178933
1.7173745381141288,0.6169717072162832
1.719604654573688,0.6164413885451359
1.7339327117790386,0.6183800756575757
1.737749846967227,0.5970357086882793
1.74805455536268,0.6024720716568089
1.7591263330901832,0.5893861150558939
1.7611628922841502,0.5785957134645028
1.7743326012034384,0.5625962069239832
1.7802371991257502,0.5478698517507287
1.7868851505857952,0.5470625096639488
1.800997962484999,0.5166576359096912
1.812728654570419,0.504216453179342
1.8443984227744883,0.47566575967336905
1.8469655242724468,0.4634643911928644
1.8613883600260897,0.45352384829116277
1.8671026555806218,0.4322810525299397
1.877652884846225,0.4110795981384863
1.896202340464149,0.3797931591845514
1.9179087934066175,0.35171107163565807
1.9389999221677066,0.3303923632806197
1.947528748380626,0.3100090660632661
1.9524739820057935,0.3008729862901353
1.9739754904709015,0.2624285895877393
1.974434794624738,0.2660346060884392
1.9757167979051662,0.2653304842693774
1.9784176487814964,0.2551592721556532
1.996272373059826,0.23205142937695988
2.0013092573066036,0.23576970136879674
2.001556323256887,0.21724995610086087
2.0229057887966206,0.18588823579272115
2.052050033867009,0.11697270411352532
2.061390326622604,0.12802465505656
2.0615390252041017,0.1206345535645523
2.0650018000567085,0.12850101518691906
2.077960257174606,0.10333871482928872
2.078552692168321,0.10371906705012512
2.0862684126989928,0.06000402012848259
2.0874951111017124,0.07867475245410999
2.0947569448668606,0.03762794092146751
2.095983017369142,0.05127019731347812
2.100161548600968,0.052192610435131764
2.111159716695444,0.0266786071995467
2.140035442799939,-0.00911737606761992
2.174128063349343,-0.0847420762737508
2.183028840880697,-0.0858484855543077
2.191629260813615,-0.08915256214661134
2.2031816628781087,-0.12793980037682676
2.206887606833396,-0.1347123700419495
2.2069549064737917,-0.1477679485427042
2.2082981351313986,-0.11816803819810057
2.2099300581301815,-0.1405033671538958
2.211690795121644,-0.12482707455614614
2.2203193197862783,-0.1420091501930399
2.2305699456672894,-0.17232568761714645
2.240459707204523,-0.1971377509204229
2.2455158685001075,-0.18186063661894458
2.2649512308541038,-0.22210424467913598
2.2668712461835963,-0.236602295936607
2.2709976922805,-0.2441529299797983
2.2869584710592648,-0.2568744759667828
2.349326651536666,-0.35848800162623773
2.3666308870094337,-0.4016530319029618
2.3694889041356593,-0.38696897442310174
2.370562665255341,-0.41547137976204895
2.379295501213214,-0.4131020825848872
2.396227720182237,-0.4370334219864873
2.401880532530747,-0.4594322083086285
2.4228927958934063,-0.4725772691086186
2.4277938906153915,-0.48339781587389585
2.4682042071617545,-0.5258683187873766
2.472440013904576,-0.5495854817750652
2.4801830929535633,-0.5439836298873418
2.4825457077502575,-0.5673061454498514
2.488482495189828,-0.5483014850638858
2.4892650973783432,-0.5735160516105094
2.495087552538676,-0.5666652846059295
2.495294522476086,-0.5731042275305539
2.4996892245126627,-0.5847499687306099
2.5006243749749233,-0.5795323774541793
2.502526484730484,-0.5940628218931588
2.518299552841099,-0.600556550691936
2.5268133264055104,-0.6136941376239851
2.5286380786871305,-0.6136282276801789
2.5288111718797293,-0.6106551877308382
2.5337017930213737,-0.6130522627866158
2.5449054203341372,-0.6439750266662068
2.549947673447183,-0.6309694729511593
2.5556591855268493,-0.6560878090662571
2.5587407643833995,-0.6401167284151852
2.566886789923567,-0.6560262529821382
2.576828019079268,-0.650009678540147
2.579861303605675,-0.6647223110391984
2.582367642974419,-0.6545525476451437
2.594580813768152,-0.6822416787077984
2.606451613862224,-0.6929932289101598
2.6196213848555967,-0.7237873549632421
2.6272676006323445,-0.7046760011271522
2.6572562114127383,-0.7499347838664393
2.6578138719530218,-0.749103730965462
2.665507162588881,-0.7463955812645375
2.676803521657858,-0.7474131858793114
2.677973456299312,-0.758672317342586
2.6881718231926754,-0.7480279053915249
2.692960075035086,-0.7960873160787947
2.7047970420431415,-0.7829003998400416
2.715551166415448,-0.8058117620278651
2.7566335305753222,-0.8077925246465126
2.761558650674777,-0.8149385728918982
2.778371929509678,-0.801467295210135
2.806725379793492,-0.8354934776499054
2.8187097028974053,-0.8334264165060662
2.8220095738230997,-0.8331028273505933
2.832570536313943,-0.8167791019381883
2.8338953242134384,-0.8498695826080187
2.8531368462624975,-0.8488512682755412
2.853516775124481,-0.8424156338677083
2.855357948629898,-0.8489827376467255
2.8567175876208157,-0.8376466411126229
2.857838065486521,-0.8524789583111649
2.859962840076145,-0.8123391943817517
2.8634346672953983,-0.8421361690305678
2.870038405255956,-0.8575051245404616
2.873081452975116,-0.8535701750691705
2.8733373809736795,-0.8521079885745413
2.874647631905516,-0.8373117459148813
2.8763770858673343,-0.8385340380190883
2.883024159891895,-0.8371322254557134
2.883041650947849,-0.8494165482348378
2.8942792502828807,-0.8514596245273607
2.9031513275462784,-0.8427537758689069
2.91016304951431,-0.8572012107309647
2.9277269320891843,-0.8453265345240158
2.937152424345136,-0.831080722610837
2.9462800084560534,-0.8324453317922139
2.948061193793282,-0.8408787983528875
2.948465462897519,-0.8236440878051886
2.9504531573535537,-0.8504301641276877
2.9647215438043286,-0.8382353632950167
2.9751385326343485,-0.8337592342480589
2.9826787302538946,-0.8404443981689651
2.99436165304612,-0.8355781632626205
3.013357262538637,-0.8265857414387171
3.017818964051827,-0.8304542785844996
3.023027748943232,-0.8137714923672368
3.0486946150478396,-0.8223741959662854
3.0544806828513575,-0.7989133292216597
3.05522907800526,-0.8052985468274434
3.0578562890576464,-0.8038284701907712
3.067136166166881,-0.8088370639971741
3.0730915184837944,-0.7987158019470841
3.0867120963021684,-0.7794088557846038
3.0931763588229195,-0.7756918686253851
3.1198683566652754,-0.7663873947674131
3.121057596754625,-0.7629954466026188
3.1476234852336447,-0.7388245321680942
3.149455381200333,-0.7275621722932578
3.15101949682464,-0.7351304565896091
3.1603232655728046,-0.7333890153663611
3.1753652681246862,-0.7192647459912526
3.184079347561818,-0.7047776088903359
3.187371332573232,-0.7054827041818232
3.1983691752184935,-0.7008886832215975
3.2010434061429365,-0.6968685861399122
3.2219195705069232,-0.6699593386235182
3.2376361846129154,-0.6454273596871444
3.243608523116274,-0.6620498284401553
3.2440163760083074,-0.6597062968796087
3.24752632404582,-0.6520288938465663
3.25015940099415,-0.649872450701491
3.2503460960424793,-0.6582291478492266
3.251329650758887,-0.6445882594747443
3.252694393641761,-0.6452720166379613
3.284209340345665,-0.6104617481166887
3.295754992955821,-0.6040676094460959
3.3025830761684603,-0.5903317616627154
3.3134441063173767,-0.5663252194706099
3.3139645998515874,-0.5560486671394318
3.345197323276974,-0.522965415277318
3.3525294617021917,-0.5133612017918845
3.386000147712048,-0.4862143779752587
3.4053684855278714,-0.46943375519624886
3.4226445674176276,-0.4256936465286467
3.4236424090979494,-0.4208773936539662
3.4247529724839083,-0.4245030683442031
3.431129001855801,-0.40203922763555805
3.4328350911558783,-0.39157948962208183
3.4441163499050482,-0.39536850348480385
3.4460931669118473,-0.38353397383982585
3.448453498810318,-0.38640834956304726
3.450484725801564,-0.3793482070366596
3.4553269877090695,-0.3698294385273327
3.458281041491574,-0.37647443420155174
3.4623797136082484,-0.3520651315444361
3.4689058232536745,-0.33530605917583023
3.47091648892086,-0.33615353040870843
3.4793756382684453,-0.35341028923737006
3.4894149393650977,-0.30432612344010235
3.490444454477636,-0.3089546524458887
3.498362578083908,-0.2998275922285364
3.530105640646857,-0.24257164179627028
3.5325794963572523,-0.24018648317837435
3.5335076691173324,-0.24107315275436306
3.536492386212469,-0.23898794453432443
3.5512836980788247,-0.22196438570237612
3.5672378013693358,-0.19216309085898392
3.5676145765433613,-0.19301514365289674
3.577483458644009,-0.17135133637508707
3.5856937708271435,-0.15308479755395385
3.5992983963946834,-0.12741836155536396
3.6054759264331135,-0.12896807844662156
3.610595998097322,-0.09996739360849259
3.616302647400966,-0.10444309388248073
3.620106347229731,-0.07722709847269918
3.623216998553973,-0.08259464762597626
3.6381035857340276,-0.08632600931614606
3.6436662628603393,-0.05875683274573642
3.656322805440377,-0.033717893863866755
3.6593477360654347,-0.023758554960694036
3.6647320305417974,-0.021948530706668114
3.6690848164384366,-0.003544145161524768
3.6720157007766296,0.005799104845575307
3.6724786205041937,0.0013503468260718191
3.6769091786349133,0.000113958652872215
3.698424020997855,0.02910041977285955
3.704129750885075,0.05279925685600227
3.709284212395957,0.052035069390248025
3.7288957493407366,0.07410173662542377
3.7342727917214127,0.10102892040600904
3.734993117681146,0.09221385157583391
3.767939068626063,0.1446601709400288
3.7899877517633502,0.185621096975707
3.8005552347047917,0.2268876065886757
3.8042108936563626,0.2254986821527435
3.8143206997710735,0.23446401874477238
3.8184703792234593,0.21621575186829428
3.8460882890013686,0.28378971165684613
3.84966575339711,0.2788335290529021
3.8745831528072348,0.3421839345534586
3.8767681956517723,0.33562142089312025
3.8769947797652478,0.3396781486051932
3.883143079786592,0.38822566456436375
3.9136824873169154,0.38408629165146435
3.9289530806610227,0.4257601219003473
3.933900196388361,0.43515243988250457
3.951902296090527,0.449930316312295
3.9541855264466648,0.44206384306568425
3.9760313685853337,0.4865782374434053
3.981288157031006,0.48475141434045127
3.991270603747605,0.4948192139239722
3.992240303463607,0.478220987614074
3.9948491761819778,0.5128235953898189
3.9990476855839976,0.5123138852752213
4.004020188871827,0.513907325874921
4.013359579080134,0.5410882406793156
4.029551695823688,0.5582212949262262
4.0313856005307915,0.564357322814375
4.0544298233053215,0.5921945377342284
4.064767916055169,0.5983636043296191
4.081450674667341,0.639238685039123
4.083007581880839,0.6217263669122015
4.094722554031204,0.6371247230598142
4.1164851469783095,0.6753100213549184
4.150613092812968,0.6825151781489852
4.164463268859638,0.7064901737971655
4.17346141622753,0.705390509222757
4.179933045885786,0.7250200862984524
4.185799047362904,0.7178030396455589
4.187100716894387,0.7307368672666504
4.208807093753208,0.7476166730446724
4.219415493090633,0.7552071775024507
4.235642492598126,0.7717199489954686
4.237059939182563,0.775023020213664
4.249542548991595,0.7873736785082788
4.263842488336202,0.77250853700765
4.281650837468462,0.7874153534478863
4.286121588766541,0.8056847782059295
4.298832303052414,0.7997912059149364
4.33658024645684,0.8176406916893222
4.339440328745102,0.8333710547291341
4.3425281289719315,0.8108459523809598
4.343406149311914,0.8228947068971163
4.346904449569669,0.8346430961449626
4.347891834971474,0.8165126714493982
4.350724657531938,0.8221658487060083
4.352266513418538,0.8131646810486433
4.35516179059209,0.828407238055993
4.356639206467234,0.836379687813787
4.357173264714264,0.8169339982563919
4.37555157164136,0.833814007149487
4.392986999720769,0.848551328136372
4.395418518559659,0.8377589462749622
4.396302907782259,0.8308329775959018
4.402397410444957,0.8455436121821428
4.407624832946258,0.8619345185707298
4.4590159429841165,0.8664767327724883
4.472093191093013,0.8389373275192625
4.474415300388944,0.8356928034372886
4.483938325249767,0.834523733088807
4.492295066514053,0.8256700251113128
4.493757360038877,0.8520042499364804
4.501838023545249,0.8316162510332067
4.502120806883836,0.8555534119998941
4.508125724998511,0.8380354339483916
4.508426285457443,0.8402670651391156
4.509556303759867,0.8418770794604471
4.515575048638137,0.8540407560733025
4.524369888839313,0.8410376746214462
4.531697294991261,0.8480643124597702
4.543633785516143,0.8237395752723073
4.572685728193754,0.8099235952827462
4.580615347941748,0.8208167326455313
4.580836753163942,0.8262627730849299
4.589782497354593,0.8121495354693213
4.590899421224707,0.8189360601114456
4.605578130894948,0.789913952588154
4.613928453856763,0.8069363103170203
4.626432486631462,0.7956390955484797
4.648868537001874,0.7825921667642513
4.649855066715428,0.7870543370351106
4.699704362466742,0.7372140830778754
4.747436433237656,0.7019494357263043
4.752774299697917,0.6794437127207209
4.753028627236404,0.6851056536619374
4.769507320259539,0.686271600195984
4.790057990323174,0.6700933686715413
4.815190649432257,0.6078811392886215
4.826620545347556,0.5914916027222161
4.830891410043787,0.6046296243539644
4.839744338563593,0.5766010480026847
4.840258065506724,0.5940632575565039
4.857927053281921,0.5703234916009006
4.860939736029158,0.5664029525986968
4.861390617733738,0.5681287500860983
4.865410771737009,0.5837283223182619
4.8666875455035274,0.5532711213188629
4.86762488414721,0.5466892082991869
4.869607455611964,0.5602443698633595
4.881871841412366,0.5346469052062273
4.882570349359126,0.5418437645691325
4.904260003284843,0.48941489162539625
4.925349628738065,0.4712639960924707
4.942659277595704,0.43086212250703726
4.9469570175155315,0.45301843195080066
4.949136808131952,0.44589583948128986
4.971269480328754,0.412931486872228
4.972468532436054,0.4139623359678342
4.973183777663289,0.4070233457976465
4.993547348616174,0.35889217462199996
4.998714209208341,0.37336300752805146
