n_harmonics,base_freq,magnitudes_0,magnitudes_1,magnitudes_2,phases_0,phases_1,phases_2,instruments_0,instruments_1,instruments_2
2,1.783795857832551,-0.06206208361406433,-2.387108400543726,0,3.481205383278547,2.149106487577719,0,sin,sin,
x,y
-4.976721660211201,0.19900768389235968
-4.960053043801668,0.3230294884663968
-4.946003971382636,0.45157879974326187
-4.9446188250366285,0.474232945073234
-4.914527035889245,0.7093318636528797
-4.913029479522635,0.7173294683961342
-4.904640117727595,0.7815523076455837
-4.901480251425956,0.822719051057176
-4.899158556208274,0.8455777151745572
-4.885929748750673,0.9229209993712303
-4.884673369220228,0.9403951160355886
-4.857997300670073,1.1453624947353696
-4.840522506995439,1.2589150353762166
-4.839095967570739,1.2540753573936334
-4.830557389991598,1.3549219262193952
-4.80054755873824,1.5277304024679026
-4.780478725663148,1.6596081019185693
-4.768936097400905,1.7082463904012763
-4.756718064939057,1.7876220117508126
-4.753569124141153,1.8129845085788714
-4.738053862835239,1.8735748909524885
-4.736870368117629,1.8837407082438475
-4.729951609621173,1.9260459540824544
-4.726682016190791,1.9408233161341402
-4.698060004445791,2.06586102933865
-4.695511825635198,2.0688140735709393
-4.694606859165748,2.0646080359566827
-4.689905334532989,2.0973004660033583
-4.6876868395001665,2.0971291369766827
-4.682150069957177,2.1159475564866406
-4.672623484807548,2.15748101009939
-4.658396940726739,2.2070147120315835
-4.657600545071055,2.203324481353936
-4.647217451084917,2.218693745326529
-4.635927639919638,2.23789958487779
-4.620735902454437,2.2785177060447306
-4.615691178099038,2.272721558139756
-4.603451787307492,2.3031081845143975
-4.597232484633773,2.297873816950744
-4.570049560257367,2.3119022268005907
-4.569355617753007,2.3357533879567844
-4.568603408649157,2.3325478429291
-4.553518103937391,2.3241487336657465
-4.535933402081081,2.3105374948484934
-4.528511510813176,2.2965196886084898
-4.519350414995211,2.285548881323656
-4.518065926062894,2.2917763482712648
-4.501665533897745,2.266046384747789
-4.4876385660161136,2.2423123813107626
-4.47496997628856,2.1966830259218177
-4.463120641762556,2.1702671827873528
-4.454070944077756,2.127866677287006
-4.450084481895979,2.137360694132602
-4.437809009435587,2.0865979996859223
-4.436276973369218,2.0664130210515594
-4.424741326539201,2.0163059816651234
-4.395095773342072,1.917799025942469
-4.394814997309664,1.8975978440507195
-4.386482085964194,1.8541640932255206
-4.3842267143639955,1.8395527777049232
-4.378145398519278,1.8245545646113512
-4.378128617762881,1.8120398212207471
-4.333430367736528,1.5405734286550261
-4.333121623537267,1.5679040437521654
-4.324511891289252,1.5232140048234022
-4.302628963988426,1.3744492975865514
-4.302319027281998,1.3530431762075323
-4.300547043994394,1.3428307159576118
-4.299800353238532,1.3313484059137548
-4.271712753220179,1.1357926470215172
-4.269468057952565,1.1344888780607099
-4.235365984457831,0.8852656004684721
-4.177734932388403,0.409023645929731
-4.1734767579272685,0.3748419678350643
-4.165664036156037,0.3110591487390236
-4.163212316875391,0.26392555752566405
-4.158096991881014,0.23187957672918652
-4.129777939025001,-0.010677016213632538
-4.120102378216535,-0.07354164320685178
-4.110274468926468,-0.16476355983726237
-4.098598687742711,-0.241147260176689
-4.08632733554449,-0.36643382994328155
-4.0666303418400584,-0.5112061364594913
-4.042592293421884,-0.7220424622710647
-4.022179751560918,-0.8896454965981728
-4.016156877544904,-0.9270721463236312
-4.004316674338622,-1.0019212513436229
-4.002491931452356,-1.0478386683234757
-4.00201050419361,-1.0440906243613504
-3.9945819857780798,-1.1029437024804907
-3.964198338437843,-1.3184017009030762
-3.9545741901065865,-1.3893288335831186
-3.9393498717359208,-1.4998152919907504
-3.9278484521255477,-1.5740694277767713
-3.9276827321835386,-1.5646510616206655
-3.9270784244672727,-1.5728171149316446
-3.9153658019506556,-1.6487078360410266
-3.906617469423006,-1.7085192603777497
-3.9049236199440127,-1.695638432045292
-3.898922418185453,-1.7527283464470353
-3.8939297492148297,-1.7882745745985402
-3.8919808481903706,-1.772353678684411
-3.8810438350234753,-1.8530692468139642
-3.879236241118973,-1.8592720515921455
-3.8764456508756275,-1.8603981492749337
-3.868388286641528,-1.9084679927277184
-3.86383452643401,-1.9338555512649709
-3.8579140920263812,-1.9706982530369141
-3.84163222237774,-2.0400869891563422
-3.8408721356936457,-2.0216121988914515
-3.83811129584502,-2.061479654528192
-3.811420029425979,-2.1474259760352954
-3.795998151255735,-2.2117046930409856
-3.789599626550384,-2.232011141315267
-3.76752343026193,-2.296691505496121
-3.7661463971724,-2.297189005876425
-3.76035865988913,-2.3099898929588933
-3.752888610073364,-2.3151542786477237
-3.7420541970637977,-2.3464940263150247
-3.726076360078526,-2.3556417376133574
-3.706041911413709,-2.3645132123839088
-3.6660022122930402,-2.3650563973558243
-3.6642029796635454,-2.370354477912272
-3.6549583157433374,-2.358641141955415
-3.6487947389231135,-2.3392733542293658
-3.639182204806125,-2.3513630612240886
-3.638192071814853,-2.346968958747509
-3.618993956538703,-2.308942485849661
-3.6149386946462823,-2.2962755919049855
-3.5985832544790886,-2.2463994734984487
-3.5747751833836325,-2.1906540309276274
-3.5375025688065853,-2.0275223371569666
-3.521978671093957,-1.9699978038963304
-3.5093938961287607,-1.923160543074058
-3.5085205132416974,-1.890281746634032
-3.5055938702977576,-1.8892543938916182
-3.502633908920351,-1.889927849025577
-3.50087575498345,-1.8781754582000656
-3.4880323676966265,-1.7762692791967662
-3.484100191774445,-1.765635206400069
-3.4723237434444423,-1.7010480516564364
-3.4711008066721827,-1.7156240010779764
-3.4698212429677247,-1.6809795027369117
-3.4548443087256553,-1.6049002925426885
-3.44870653946578,-1.567509881708935
-3.442918260182124,-1.531709012257136
-3.430906301091985,-1.435209397273608
-3.420314575311828,-1.3677356940816865
-3.413319046489387,-1.3230894718614126
-3.4080532638795424,-1.3113017330199357
-3.402433903681299,-1.260291270050252
-3.3836065876032153,-1.0944148942077778
-3.3776193956527347,-1.054283586349865
-3.3723847740228186,-1.0238783084762109
-3.364356696083396,-0.9499670108001552
-3.352309591642774,-0.8648995371178417
-3.3452647427965965,-0.8237799733053267
-3.3399221496068145,-0.7715763853695751
-3.3344592225411853,-0.727205702554928
-3.3235835086409615,-0.6310228518817604
-3.321644713293086,-0.6198412820125425
-3.315969997178999,-0.5613876181054313
-3.3051699167087953,-0.4736790197785582
-3.299919061323575,-0.41735405612026455
-3.2809155625227895,-0.262676048711522
-3.2780593144207737,-0.25051398934256586
-3.239179229513065,0.08776417806107119
-3.236550810383778,0.0942046778337612
-3.2308809135742713,0.15417780510268578
-3.2292633931148096,0.18057712236510684
-3.2291372104558738,0.17685689584656744
-3.187485788215522,0.5400693263021255
-3.1707142250752396,0.6546065804426998
-3.161089892450384,0.7534515570719871
-3.160174661399159,0.7524757274095616
-3.156205137731567,0.7878512425920455
-3.148233711140022,0.84419757164223
-3.142565524145927,0.9006790143735057
-3.1203907697526323,1.0887107986269868
-3.1130938334618294,1.1254351020138613
-3.0967765014783364,1.2702646870460423
-3.094794388822849,1.25850094002395
-3.007517652752394,1.8390233673591503
-3.005865515005776,1.8454949518324935
-3.0052256859352244,1.8686852286690927
-2.945112846294812,2.1501810202810963
-2.936853458636206,2.1909729219326164
-2.9334107300190695,2.2015616828344124
-2.927257954844454,2.2198277946423572
-2.915109867559389,2.25745623625954
-2.8635903847513533,2.3831431038192887
-2.86242818177729,2.406171406159299
-2.8582045648083065,2.416821877094195
-2.8523268837490576,2.4227833156896526
-2.841001496191684,2.43000361080331
-2.8347287426095735,2.4414612929986057
-2.825535314024944,2.443760723905329
-2.823804774041153,2.4406551882068617
-2.797604058526586,2.4472171349037484
-2.766876029590677,2.4078668036272726
-2.763131840081572,2.4204479336332
-2.760860484053821,2.4182755349806504
-2.759362996440128,2.4206880062492995
-2.7578305088873902,2.402327005989632
-2.75560235555409,2.409977610197701
-2.7555914014183616,2.41645890224431
-2.749841844917993,2.3975407874937376
-2.7436683864082525,2.3791563676955705
-2.74325806311263,2.3908496206962644
-2.737253814177717,2.3756101687558306
-2.729570681557134,2.376395030224975
-2.728950081421939,2.3627207710716505
-2.7261000181169437,2.364487664309678
-2.7138766300897865,2.314137287332333
-2.7091935265587264,2.3210207643336234
-2.707163476631523,2.303265121852851
-2.7009607425052606,2.2738627513345913
-2.7002496567852807,2.291082282170748
-2.6969135472687764,2.2794286964698
-2.6965011261199914,2.270837690490707
-2.6917367158340744,2.246381611679541
-2.6899010870660387,2.2353318496545294
-2.6330694522811005,2.008455260486219
-2.6289352826781,2.0122210873753428
-2.625526819279468,1.9796629129520384
-2.6185580043270162,1.925765587959649
-2.603981615016704,1.863072278664323
-2.601276332452006,1.8434352999000012
-2.5913650469823626,1.7939924542103411
-2.5823871800765663,1.733244317728538
-2.57905592181375,1.706254325178599
-2.5708054725224194,1.6749949044585941
-2.5623031567824506,1.601730293150814
-2.54301974158777,1.4654316696718979
-2.530371743122931,1.3877251332460592
-2.529719891683545,1.3829078681137892
-2.5272216774080567,1.353566059367037
-2.5182059638375476,1.2830968228325628
-2.514882624502821,1.2950472921385554
-2.512755813309421,1.2466199833970837
-2.512151912297403,1.2460634557712744
-2.509089052970026,1.2133615392619566
-2.499540947808636,1.1581002798452824
-2.4800049365757584,1.0190255317089407
-2.475171450566501,0.9734847863049043
-2.4689118343552794,0.92257967192332
-2.451646332435,0.770692700787054
-2.4247019868942488,0.5707053212956258
-2.4246844647360524,0.5788330218968233
-2.4222207087694656,0.5373503385440473
-2.4114355420750844,0.46768547287334705
-2.4102701672414915,0.44278167303465943
-2.409239611400621,0.4448561908306306
-2.4087689238479024,0.4090221878889843
-2.407423535887342,0.4209152520100183
-2.4009837750331355,0.36437371195912965
-2.379505149026345,0.17334560013195302
-2.37919374020732,0.18472247991379648
-2.354792390912114,-0.043411129420195774
-2.350343000104841,-0.08447679341635642
-2.3477020290417006,-0.08964476913147938
-2.3262583705538544,-0.2810642998370139
-2.322481624745932,-0.33010967326575785
-2.313674721597221,-0.3771904566650516
-2.308046345073943,-0.458018785801228
-2.30342481352504,-0.4679077958667549
-2.2986623049930732,-0.5096036572203191
-2.298131893689553,-0.5119563485863136
-2.296649769610779,-0.5279101672816913
-2.2777078506474835,-0.684995462072842
-2.2685199615883542,-0.7542212091225032
-2.250090259357708,-0.899416159862728
-2.1848360851733597,-1.3843891069697818
-2.1793963407334074,-1.438904473044441
-2.178933118091372,-1.4297435391936977
-2.154530424905184,-1.6009913460600345
-2.149962940212613,-1.6347066137219382
-2.149082881532982,-1.6231014423152201
-2.1475943296307776,-1.6427732258188612
-2.133082354108311,-1.7256435790338391
-2.12179668237372,-1.780012084874022
-2.121195271216103,-1.7984075712377339
-2.115134588965071,-1.82655297058547
-2.100624318087503,-1.9355816634070417
-2.0855999427360405,-1.9874672823354496
-2.084925098353417,-1.9857268989925432
-2.0791079779920842,-2.0066274008337275
-2.0772425381502324,-2.0283112714805203
-2.061820858409138,-2.1031698219924513
-2.0512531904846707,-2.1262855502421014
-2.0386796066242296,-2.1721308849986927
-2.0218392497766366,-2.2333551601541504
-2.0195583668409545,-2.2209273281176434
-2.013300617949091,-2.249518068196248
-2.011986221599865,-2.2622799874745447
-2.004183007136644,-2.280856430792042
-1.9969008392365604,-2.3009523200352695
-1.9859670742586335,-2.3320231872961
-1.9845861957353108,-2.3312913546365657
-1.9743968961547842,-2.3478132933343883
-1.9598199896740374,-2.3725915500462613
-1.9550063947324459,-2.3551890740869723
-1.9234544825025415,-2.388322313084117
-1.9166640511743083,-2.3944403441408357
-1.9042653610800189,-2.374136430988495
-1.8920022227254019,-2.3630691351623994
-1.8814573813769488,-2.37531512904471
-1.8787708946890391,-2.362725035596249
-1.8626533846634077,-2.3414996478015606
-1.862282869256454,-2.3439784675516036
-1.820284065734239,-2.2329041557719176
-1.81934115092906,-2.238161662135207
-1.8181219199340215,-2.2387519059247807
-1.7948307360409785,-2.15984707798693
-1.7944941858005148,-2.1470719889857177
-1.7907854873470583,-2.137081940596828
-1.7852726082558243,-2.1221282449711114
-1.7599643675952716,-2.029125731427491
-1.7582934692127274,-2.0217041312141544
-1.7452393843662808,-1.9396725067652494
-1.729003850719264,-1.8670384631811405
-1.722819791548158,-1.8287494291568926
-1.7223822837704406,-1.8164763942805118
-1.7170681032972612,-1.7912368921121729
-1.7003013170115588,-1.6896634338007819
-1.6837522670548966,-1.6121908801023017
-1.6825121315229863,-1.601777607786298
-1.6715230198059308,-1.5201860180779474
-1.6610720381943924,-1.444887354091342
-1.647625603690642,-1.3572286069822286
-1.6240844415787525,-1.168671730240622
-1.5874707361989362,-0.9011110423483617
-1.5791935220358075,-0.8512434855402844
-1.555060115135448,-0.6328571587993741
-1.5125352322576937,-0.29981953438307524
-1.5123756128007901,-0.29250600973206375
-1.4980644553740428,-0.15635208506194884
-1.4969614403324547,-0.1848533877487533
-1.489332877885067,-0.10456810065135264
-1.4821863226076557,-0.030640818301146323
-1.4721089180867386,0.043567038035665216
-1.4659436541834192,0.10042765722437316
-1.4481036752682463,0.25670267370945016
-1.4387580602996595,0.3090654710471302
-1.428704821010689,0.4061879473521342
-1.421671891274011,0.4696835149949301
-1.402758688058091,0.6130963717509892
-1.392019238329624,0.7226083687618977
-1.3891039048845388,0.7432412276561514
-1.3879019649806903,0.7145497304286619
-1.3828259197043336,0.7816805535280378
-1.3592171129283956,0.9602477852722523
-1.3478055665578292,1.0528117746098256
-1.3451287591204109,1.0738399027541716
-1.3331014605264455,1.155203790450948
-1.328940000834554,1.2026999324354923
-1.3238012485255188,1.2389647773415944
-1.3055707182241716,1.3530893154744525
-1.3010571537919144,1.3820471980310165
-1.258817711053294,1.6561845073002088
-1.257739645948285,1.6663153367486594
-1.2545933998427916,1.6765532654884194
-1.2498885221019695,1.7138983961421066
-1.2376481630849732,1.7615648769251757
-1.2328336149935915,1.8051456314726944
-1.222857652409898,1.8684315655749544
-1.2133195331676871,1.8971643721964164
-1.2055834388424511,1.9421036228660158
-1.1988371077027473,1.9623978367590424
-1.1986415593704658,1.9622233552414858
-1.1959221809194895,1.969798165293256
-1.1897729128047785,1.9967511503438524
-1.174152978569445,2.093203108494482
-1.1741057690983836,2.0454414097341798
-1.149519314320183,2.1468442785356694
-1.1310369430654674,2.201600218494074
-1.12576137371597,2.202371282173796
-1.1244519347186976,2.2019527609014466
-1.1206536144591652,2.23147090470598
-1.1069520961169,2.2510542855863256
-1.1015699527030929,2.2587075016673888
-1.0979149755208226,2.274780872185322
-1.0925104033985256,2.2810585935000773
-1.0837255075994765,2.304088760497747
-1.0600813330396064,2.334915843244992
-1.0564732066148896,2.3265975772281595
-1.0466195888766014,2.33172155034872
-1.0401597807105647,2.3148608629575467
-1.0209578754580795,2.3304078302650857
-1.0189587703655634,2.3197930617789453
-1.0185451997516948,2.30072605244033
-1.010226722569624,2.307936161690454
-1.002346228373602,2.2863069162846776
-0.9998108541331439,2.289430238818903
-0.9994887563852455,2.292802919505484
-0.996792007204613,2.29713013910248
-0.9942862249067961,2.2929979312744173
-0.9885542708164143,2.271644426244684
-0.9643341403810997,2.2434126674363046
-0.9629388856906189,2.2241093844286817
-0.9470845446519363,2.19581630606107
-0.9459150470736581,2.176519415618349
-0.9397141657885211,2.1630200231283423
-0.9269909446963789,2.122407807943569
-0.9171933464701727,2.0971579136627776
-0.9122555366872334,2.080059578778712
-0.8600611267302831,1.8481524961429967
-0.8522886111491133,1.8065383657500478
-0.8392808825181453,1.7227854369326099
-0.8320510805308068,1.6823404691210926
-0.8230875980194696,1.6334624726227125
-0.8106653518309344,1.5486134119110002
-0.7981102711020114,1.4857718135247802
-0.79521613831891,1.4496367784648323
-0.795073198183732,1.4699444268278763
-0.7927824350503183,1.4378048981214604
-0.7765507746259477,1.3439618060218281
-0.7738984245314198,1.3309696437797587
-0.7701526453670926,1.2916182605941966
-0.7484987125279154,1.1306410746436129
-0.7442771928369076,1.1101984452607159
-0.7330339372160433,1.0258343106839691
-0.7174982944182018,0.9009697547316338
-0.712747964005283,0.8718417588112772
-0.7108703674263053,0.8753162054541438
-0.7064603226826005,0.8206699700289921
-0.6832380083589973,0.6239715636995739
-0.6733124285699557,0.5418317738491133
-0.6715106711672068,0.5271786659840249
-0.647935539746463,0.3519563215238339
-0.6392540802728277,0.29011806910296317
-0.617868150410585,0.08885480642318874
-0.6135383643430101,0.04705137196616196
-0.5914466228480766,-0.14129774629406133
-0.5882119871837368,-0.18188250943136014
-0.5687296549279459,-0.33685661942457873
-0.5659115973412243,-0.33260573630902235
-0.5373546566112699,-0.5652012732685564
-0.5193213164824995,-0.7276743157562583
-0.5001739496623188,-0.889494190601233
-0.49399991050315784,-0.9427661013553987
-0.4938051955488474,-0.9211115371718792
-0.48955407080417235,-0.9744863694879496
-0.48207360268864097,-1.0230451453985638
-0.47670857694119295,-1.0554262568647523
-0.4509964070836512,-1.2699109595033444
-0.44327656195472276,-1.3245738755025303
-0.42977100607240803,-1.408015335074024
-0.414028016442308,-1.522567656995272
-0.4090001006738442,-1.5356988184246667
-0.3920625624772933,-1.644097495919478
-0.38598565666879026,-1.6957184074925773
-0.3629212352173816,-1.8112472554367185
-0.3571320776444562,-1.841105667174161
-0.3513823039358339,-1.873901929382554
-0.3327280593440367,-1.9640593229693926
-0.3207273090259495,-2.0358274622013726
-0.2994244263036112,-2.120637250804744
-0.29546393184114983,-2.1464346480015535
-0.28623371928151187,-2.179817604675136
-0.28531357139305413,-2.1716462496289037
-0.2690877210676721,-2.2242493757038964
-0.26841916448622793,-2.2326569689937372
-0.2614626308652088,-2.264706732765447
-0.26072867595161675,-2.252167164559131
-0.25054080775534615,-2.269734548341946
-0.24829495126660284,-2.2930799990121153
-0.23732833173722678,-2.31192597977613
-0.2346536603778553,-2.3084923252866894
-0.21199253272437435,-2.3503037190708818
-0.20346720353349745,-2.367387289227767
-0.1977811016474167,-2.364323433796093
-0.19263741581990956,-2.371648443692756
-0.15458761568792223,-2.3823451498072687
-0.15419043316285297,-2.394716424257054
-0.1538831236847944,-2.3776529417228227
-0.15286976962273524,-2.3695678383898815
-0.15083842453555185,-2.3775613166792215
-0.1422775871340889,-2.367093811293955
-0.12491758298518807,-2.3570585633028864
-0.1062005750221946,-2.341701837677664
-0.09764811897648862,-2.2969579148153954
-0.0930648469727835,-2.299231151771759
-0.08531219141883906,-2.275151486359994
-0.0852484077162714,-2.2831843136653056
-0.08020170086475531,-2.2773301520532154
-0.06498978832989977,-2.244140828646493
-0.061128938309283676,-2.222873221246534
-0.05824923981343488,-2.2200662648553378
-0.034186872835974214,-2.124811482982565
0.004221543677726203,-1.9493004029275345
0.009235292052943933,-1.9282309144552405
0.024895735388676066,-1.8501339231184633
0.028450575747709372,-1.8345209852666933
0.030312845458015047,-1.82330232395945
0.03670331395475035,-1.7881725401938156
0.03731697901797659,-1.7729698619112237
0.04103554900345685,-1.7705719054748656
0.05117043937903798,-1.710048501617007
0.053235979656440335,-1.6988261220004657
0.05945267437675561,-1.6478598542271488
0.07228265934488931,-1.5755520739384457
0.07965923525426444,-1.5357875662141067
0.08256142514673748,-1.5047562635695328
0.0831437347996058,-1.4952746004757957
0.10267165397738864,-1.3654543093116716
0.12480717633325167,-1.2151063551033185
0.12686304557502748,-1.204983219154729
0.1300631733881552,-1.1728217447368385
0.13366130187455383,-1.1350932269876601
0.1720374073687232,-0.8596706428511397
0.17718873818434755,-0.7854377560232357
0.1868552003789672,-0.7163202638958606
0.19323566725776598,-0.6628511684853046
0.20849915726365253,-0.5589619936748476
0.21540275570681366,-0.4857852114691199
0.2336339088019006,-0.33281973040329993
0.23369723171195922,-0.32586788406766104
0.2525910616524074,-0.1691186013749305
0.25417277325042154,-0.1712388391644
0.26606922093726837,-0.051943964442957694
0.27306163088328805,0.013002487092386904
0.2862830663011975,0.1178235911315933
0.29375799856687124,0.16842819956116312
0.32099989848791566,0.40634403982367934
0.32513169671442377,0.4511845011667413
0.33140870277220547,0.5068195173162023
0.33467911480896895,0.5288237460373798
0.3510977020574204,0.6546311637380979
0.3717730235702499,0.845057232510685
0.38957983420511244,0.9767226162327878
0.40267596555948604,1.0918351345010289
0.4047420347289412,1.091070671061908
0.41523209140955863,1.194003897331679
0.41950136833450813,1.1875034137332716
0.4378478730584936,1.332388235388562
0.4500142890977745,1.4139727040011396
0.47113823840857627,1.5847258770349264
0.479427710531084,1.6347197792709747
0.4811553146451324,1.6437468093017908
0.49048193306912236,1.6895115347539333
0.4959062247701418,1.7307046838707865
0.4973975173510379,1.7355006370456711
0.4992776548890152,1.7493343045432552
0.5312802810916324,1.9409806888908876
0.5356870541159289,1.9472006453275346
0.5446541378224445,2.0170330194246455
0.544755428596492,2.007123689888967
0.5557409652643788,2.050450560091846
0.5590840818240643,2.0884087298993985
0.60057069672252,2.241500950541645
0.6058521830761734,2.253965431737529
0.6129050701488756,2.2845449831192375
0.6199204436340588,2.309430837658584
0.6433910987394054,2.3727617956969533
0.6586950096051876,2.4094934350840975
0.6601880967050846,2.3727356355642852
0.6841975586912641,2.430335302872633
0.6875351434042773,2.438960140070671
0.6963968711462147,2.4501984091595155
0.7105363528611885,2.465429195944098
0.7211897571767221,2.4551326058301575
0.7316936352639996,2.4567460849047396
0.7381614805126402,2.4574051614004238
0.7578260385539259,2.4086666917482984
0.7751505500860967,2.3932721654293267
0.7753857694806099,2.39696205935103
0.7795847320506946,2.3907758110706103
0.783763881882753,2.379116203093446
0.7989512361433366,2.3624759098190147
0.8079529000358399,2.3267780047801305
0.8166086707146132,2.300471813411924
0.8271588288698153,2.260510756197196
0.8288713590258832,2.2720374377789643
0.8382326369415063,2.2331744143727286
0.8401256806447588,2.214491649417979
0.8510637288844514,2.1843951859394592
0.8606087098297479,2.14277980102775
0.8651958988227557,2.1294467670899695
0.8708280917669526,2.0987114305585775
0.8742769822480572,2.0835576741686377
0.8885989604700208,2.014662324654859
0.8903419598421021,2.0179197098877015
0.8941054993424649,1.9768037770819584
0.9063094935543727,1.9182954961831562
0.9434964249806077,1.704299874678184
0.9441332668362223,1.723426039164227
0.9508764327974486,1.6760563411947607
0.9568413545287058,1.6289846852084964
0.9692130525784135,1.5256434071572162
0.9865027290355286,1.421339099886863
1.0002694108165642,1.3273846792406734
1.0304660593374217,1.1047239372705526
1.049272840563206,0.9487386081347863
1.053593251443548,0.9265012773614966
1.0636466357769025,0.856378560116287
1.081102337643757,0.7036143531819403
1.0842412444768001,0.6805464150915074
1.090804523356736,0.623024764180326
1.124278329437737,0.33145050406340065
1.1312000227859222,0.2716454811794445
1.151112188847173,0.10536158789611312
1.1631600882006232,-0.011177124414282239
1.1650096436358268,-0.005878790271278204
1.1806525628519324,-0.13968016350039006
1.2166447818014845,-0.46872660220997375
1.2340025497862488,-0.5845174786102766
1.2355388758733028,-0.6078863912574903
1.2555762343831738,-0.7664214384528942
1.3162048298723796,-1.2402793668801888
1.3208767514375843,-1.2941318205720729
1.3210860414055512,-1.2893197028498793
1.347719263066506,-1.465953730730595
1.3482629644964117,-1.4815213921433628
1.3533645643202883,-1.5090788506083193
1.3554701047704594,-1.5166101060822632
1.3671039850919184,-1.5924003888154963
1.3674757792727066,-1.594494114225059
1.3726486137111635,-1.622908275010348
1.3790459897670182,-1.667102567101986
1.3811613571038102,-1.6934925291765055
1.384408221210915,-1.7003535631224673
1.394233428052737,-1.7495963589115373
1.4011092293432679,-1.792263101743565
1.4170275426665233,-1.8948780698298224
1.4239606732174952,-1.9166158399094455
1.433671137186339,-1.960390598017181
1.4359388712193208,-1.9812847384938332
1.4463594961136756,-2.032177513897742
1.4533340377508726,-2.068624730267239
1.4540312735734853,-2.078143587934802
1.4951621179596462,-2.204023032297258
1.5046895635498903,-2.2340405049548333
1.5154078572352159,-2.279247325352151
1.5266600987784598,-2.3044826062449055
1.5272663542449845,-2.315140720496167
1.5437852422886014,-2.326246505550574
1.5627223980604263,-2.3756257765895885
1.574166629943413,-2.3948676497592145
1.5802413849353636,-2.4024152180343967
1.6055916723160149,-2.381589272687761
1.6146369837159096,-2.394449826807889
1.615988846076382,-2.3889843553833066
1.618142636571461,-2.383330137422186
1.618198172910887,-2.3982421660688873
1.6191911428035644,-2.3731792801535865
1.6298292915914487,-2.3676656291425893
1.6443680518023491,-2.360681482609236
1.6539915800958145,-2.3748308422947093
1.6634789660125442,-2.3499382752588907
1.6654287114230097,-2.3356438271011735
1.6754368708742629,-2.313524135832879
1.6890463003244633,-2.267429917963191
1.7129505867783026,-2.1971356098759904
1.7257049017072728,-2.15793375065775
1.7325799355718585,-2.138742540869881
1.7391894863462642,-2.1049247068740247
1.7772514357453755,-1.9193703219828506
1.789374812439375,-1.8901249048489535
1.7928065035631064,-1.8481643887878572
1.7998862828375497,-1.8229648140486168
1.820125816308126,-1.7014697988051337
1.8322234717888852,-1.6428217374676497
1.8432454061829207,-1.5708864241612197
1.8493417100453637,-1.525712653374624
1.8564756407989949,-1.491443527930953
1.857242580006531,-1.4844905222984217
1.8648705115476822,-1.4341384709971001
1.86621091641695,-1.4083468529061791
1.8841190471017004,-1.2686931110378636
1.8892968268066195,-1.2472736978776695
1.8971125701707878,-1.1988596651634902
1.8980272027227159,-1.1934917407413743
1.9029571930768752,-1.1361221484237283
1.9171220825035364,-1.0232299946752264
1.919588986698212,-1.026097630038071
1.9388158686548254,-0.8592809657162762
1.9594772245619039,-0.6926650959451087
1.965237704269997,-0.6622143970449185
1.9688119903611048,-0.6348570097201042
1.9768506167451783,-0.5735405427326414
1.981760144234574,-0.540016053081479
1.9871329364110881,-0.4843934445425138
1.9903699917004802,-0.4552529982538182
2.0009541416354715,-0.3728828781209897
2.0063185665089014,-0.32062402658236244
2.0264791669204216,-0.1458615999140051
2.036777695909679,-0.07294845357332566
2.040044658772463,-0.033801342405032284
2.0449942348642693,0.011472331342034597
2.0589688841618123,0.10488094605738064
2.0592722849802216,0.11384761442974328
2.0679161305934812,0.20119880071480784
2.0695670497396526,0.17555638859403946
2.076806357846676,0.2856780586533369
2.097089391986872,0.42693853649839186
2.1089495022092706,0.5179519427157605
2.109017347662472,0.5315659110229031
2.1140114611952177,0.5590837841069441
2.117375535925258,0.6047270202152476
2.1176217812817812,0.6076458479199957
2.127744517999883,0.6694363867568998
2.134078058733964,0.7340636443887852
2.141366458345356,0.8006071576477524
2.1457331284418206,0.8343444348965704
2.152163853385815,0.8804565493515324
2.153890781548366,0.8964873361049822
2.1646270366399403,0.9826954740633024
2.1667403771496465,0.9831977795578722
2.1669714301164493,0.9972564535557036
2.176367821790045,1.078466923319788
2.1781795874126626,1.0798449243111368
2.1913512510507225,1.1858956594390777
2.1977501260615213,1.2163903026790421
2.210065435690285,1.317874198297651
2.212912448601802,1.3278150172945755
2.2328365208699985,1.4719789413641506
2.2352287187273276,1.5003453065586385
2.2563391194338713,1.609166065796528
2.265009728686441,1.6531265774222597
2.2780956182074394,1.7521752171933813
2.2831883826623827,1.7579700322035359
2.290189161072023,1.8185026585968722
2.293366677891079,1.8230423680472105
2.2970658416612,1.841935786393188
2.301568553378149,1.8467127086025812
2.314966186753499,1.9368650186999217
2.325641798297351,1.9498345270178281
2.333034195255955,2.014090894440875
2.378701076908502,2.168891229965845
2.4037138085994467,2.2363080446713317
2.4095301740474664,2.2359182474607446
2.4327151309357316,2.296563363432923
2.440464938488317,2.3017996182144476
2.4459558064829787,2.3127834303390347
2.4509225437133306,2.295165077179665
2.4586567055870345,2.331914947248916
2.4649668662502666,2.3133046238431643
2.4677149622727708,2.3045189939399857
2.4712626876201256,2.3186975087178294
2.484297968919962,2.33413699940264
2.4986060468693836,2.3034956684723262
2.504186690926204,2.326943516452494
2.5065120613063874,2.3300253686326617
2.5298695413152608,2.2832579722799062
2.5398087266053277,2.286393198895148
2.550893175835702,2.2642054589887506
2.5546842134075165,2.2323036961957503
2.556393265547684,2.234753191517606
2.5922081283851117,2.1371874030209472
2.595820543567415,2.119840758233885
2.61208240051492,2.0962584202378127
2.618500548449992,2.0383948140562413
2.6222002305955474,2.0290327349579997
2.6239707086209823,2.0163855302427263
2.6346147689786337,1.9716709020546301
2.6419730735436966,1.947759801368252
2.648378140227515,1.895785717030157
2.652603722306978,1.875966754878793
2.662775899310038,1.8432636142918697
2.677400110303914,1.740442953531109
2.6817175269180114,1.7293365682714457
2.6970738637473826,1.6604386426389803
2.7104460658173632,1.5691476062016267
2.7133616494606603,1.5487280996630086
2.7171836484880076,1.5285517557006667
2.7230523830039903,1.4977059680630649
2.731873328337554,1.4240131025378844
2.734308657134653,1.4290326201510972
2.7446782526537197,1.3485513325334695
2.7591662182177323,1.234118956771524
2.77387701712989,1.1449151369444277
2.790208170057408,1.0124195059138792
2.793980320116746,0.9704647871424401
2.8049526691696016,0.9119517785378318
2.8093516926599547,0.8676703602962714
2.809832282834739,0.8509937567012501
2.8126257577055185,0.8502709585679755
2.818197126970272,0.8051253938423721
2.8186635266780975,0.7906916598988835
2.8194742076114174,0.7880560101624365
2.827601115068429,0.7269437650578143
2.831098904149848,0.6928917492251453
2.8372680451497665,0.6461349603985048
2.8536448470938964,0.5098965971885492
2.857986692063897,0.47511650073014405
2.8592977479751083,0.4612569216593323
2.881679765900879,0.2815025057536158
2.8839329691105036,0.267590351969962
2.889231362090195,0.21791126518292647
2.8978313593447798,0.14933203343041773
2.902432017658761,0.10633716053641262
2.9234953171374753,-0.06062428239160156
2.9509058297856043,-0.30711786253326756
2.9580667637893345,-0.37952051371349865
2.991460171151031,-0.6239144442448569
2.9932938608851227,-0.6416482511322604
2.9964188939527725,-0.6833879104679768
3.0026576518062846,-0.7273587779530829
3.002933230148919,-0.735991459535329
3.004444398257924,-0.7334134881516827
3.020600943146704,-0.879341232104693
3.0362423060848727,-0.9854525001895038
3.0507210976565506,-1.100035099433687
3.0535839730422705,-1.1184381240890258
3.085464829377244,-1.353584824245199
3.088632946685859,-1.3831026141492897
3.0904818958565645,-1.3789035882543057
3.1038457387481255,-1.4747112481306426
3.13428389218355,-1.6837014572307627
3.144274740786104,-1.723233374558727
3.152439617869817,-1.7691091420280616
3.1578084237902164,-1.8104328809359909
3.1865353275399286,-1.9546034842233948
3.2129444574758743,-2.0900729591115508
3.2136715212055673,-2.076770656494328
3.2151182555685196,-2.0592558506848677
3.2160932486837623,-2.0876408531645985
3.2288858757301355,-2.1421621076775015
3.2405159893685287,-2.1926749046875966
3.2530781393626764,-2.2220416320418606
3.2666893831887087,-2.2532170207435533
3.2720646745208324,-2.277258900553126
3.2745274000262388,-2.2976523547261034
3.2757416397504464,-2.266311885819353
3.2866356893015514,-2.3000239186729954
3.2941092897314714,-2.318948331198609
3.3119473929976824,-2.3522236602753677
3.3370129708297487,-2.3719033828513294
3.3578798842232374,-2.394481568034372
3.358173136589663,-2.387385288630331
3.3775267012631005,-2.3821550356261625
3.379044918638849,-2.3678995048818288
3.393555529597501,-2.3535091589754047
3.3944298029164894,-2.3616647440027254
3.402678042453468,-2.3572859733535636
3.419867468783437,-2.31818784103379
3.4281618107399865,-2.299942585037114
3.4368393933737718,-2.271875882005698
3.437219879611483,-2.290759660417032
3.452701418914341,-2.2538850092077665
3.4557629774606813,-2.237652943788814
3.4701113251106737,-2.1982342235018044
3.4791210503007246,-2.1789657381863
3.492164603228444,-2.098763096987211
3.5121200998447684,-2.0339910440524047
3.5154143054327847,-2.0110944940151105
3.5170345793828552,-1.9975062434752069
3.5191307078601355,-1.9827146343640167
3.521804937989776,-1.9859169043797644
3.5236227153954154,-1.9756863027956313
3.52702155329502,-1.9294343995852032
3.555991091191295,-1.8029667407717709
3.5626326016461647,-1.7747372912825465
3.5634076380240884,-1.7350436419073854
3.570149849690246,-1.7273108743656473
3.588073958289007,-1.6129862216601938
3.5931418206895334,-1.5919555823806002
3.601745847794337,-1.5146840749608808
3.6112685144669996,-1.4613020700268597
3.6137591521000996,-1.4395387305519376
3.619052146961483,-1.4013481190708357
3.630508326648611,-1.3324512903485983
3.6411453152822517,-1.236880236403885
3.6427717195678575,-1.2309340818135446
3.6499011938197192,-1.1920072341088752
3.6531330640377053,-1.1630433922973231
3.6586679147781016,-1.1305964629188472
3.6684814963689227,-1.0415064702263268
3.6689017247462203,-1.0368840949716975
3.674817789549209,-1.000586019212695
3.6773277435284353,-0.979594389920011
3.682232470700029,-0.9467205649839455
3.697998787767764,-0.8049939125833147
3.6997570572839553,-0.8067346166694095
3.7039043238429485,-0.7650617615217976
3.7110657598478074,-0.725255336564168
3.7216048484355575,-0.6068556003546188
3.7226100846218806,-0.6199036648272093
3.733936500463388,-0.5217061797417564
3.7377881031764364,-0.4791750489107986
3.743961900187342,-0.45060876316186055
3.7446214470355734,-0.4481042052493892
3.745268634123022,-0.4181509679489
3.747957914094709,-0.4052031773250643
3.7543830593149465,-0.3519575084364468
3.7606729109198724,-0.28666971939813873
3.76600683098588,-0.2521859840474738
3.776024211934967,-0.17335156359520654
3.790743619688511,-0.06288585278494956
3.808687461617671,0.11394349801779047
3.8106307572678766,0.1321590149465716
3.8495387250310067,0.4648440581010068
3.865806654462464,0.619692325275712
3.8667466438375016,0.6012110158523263
3.88142211926451,0.7378039875122361
3.9400411563938054,1.198878717488511
3.9422019639460597,1.2185161603483212
3.9494340326583846,1.2640621057111434
3.9560071077345036,1.2848127832417513
3.9662746301992478,1.382048255405409
3.9846479825193217,1.5132433083005354
3.9849228147992637,1.5205411413225065
3.99035342576682,1.5563073633194893
4.006837426290087,1.657399466252268
4.021932266427095,1.7451162603826902
4.030510196435779,1.7955338206128137
4.040672497916036,1.8747094565744686
4.042519633042373,1.8976083580566645
4.0433942877366835,1.8857149643506486
4.046412136196725,1.9021483777332968
4.062003339276345,1.9830589385313286
4.089410087224545,2.110448293284408
4.096553157924509,2.1448498875178914
4.105930315008049,2.1775162689161003
4.112886104753189,2.2052213344827853
4.114796168041554,2.2091201373076212
4.1167379576267695,2.2293175710512085
4.120803175844275,2.2105943447484684
4.121453937339917,2.220872592640363
4.138924548690921,2.302460010794903
4.140001852477699,2.2907935411452307
4.163768750480534,2.374941009379015
4.166984002464982,2.3695090018919442
4.1793213315547035,2.380446798402308
4.187679923344039,2.401576424168589
4.193160639086681,2.415862586455872
4.202609333046553,2.404583972282609
4.207399306342985,2.447796709332861
4.229257143369999,2.4499879424571533
4.245146510969999,2.4555484755004184
4.28238898715534,2.413551267700827
4.284826398188104,2.425436042423432
4.302812107057983,2.3768095973315675
4.304559031690383,2.3792585303051954
4.337978776930969,2.2935025857339753
4.366943679305095,2.220931559989782
4.371755762600268,2.186751989816041
4.376446748297727,2.1607905771449616
4.403592739753586,2.0464367516010147
4.405774393898076,2.054652216886577
4.4132561690273935,2.012020883896568
4.41792209367901,1.980178110858951
4.432943430181888,1.892620375384719
4.451588817955557,1.7940200609392942
4.455004117820323,1.77874004369391
4.463949231302877,1.7200522522591253
4.473759531419303,1.67548023830909
4.485052877908155,1.590248303028273
4.494146118928558,1.518579464270736
4.508526988329612,1.4152658500077353
4.513049996515061,1.3949936449362386
4.5374428347053914,1.2038054013831994
4.542195463565678,1.2031956054914734
4.547442663901682,1.1368870882686524
4.556126834829422,1.077856410020141
4.577408628697889,0.9104748974663021
4.592923713829524,0.7999219209347042
4.603405199171821,0.6855391353592909
4.605290986000632,0.6867069267173037
4.606380398757988,0.685384543640569
4.62564276440853,0.5209629807267221
4.629487537422984,0.48333604191489926
4.65251734752502,0.2930088407138539
4.654782120113964,0.27782458676970034
4.656402998928344,0.2454450263091994
4.6622393525044075,0.21506059398333294
4.666302804682086,0.16274322414466094
4.674131241376539,0.09985743724235967
4.688722676417436,-0.02664188393961994
4.69759238115126,-0.1005842614030957
4.697682203945101,-0.0906270626433145
4.698079665485832,-0.10374454020523445
4.708082500167896,-0.19626966949717076
4.713905986375874,-0.26409946905595966
4.720332576246252,-0.2823763046777529
4.7258554499358745,-0.32619417232479264
4.7397009563200285,-0.4595021829652581
4.745773331914027,-0.5120623384632883
4.765217752452719,-0.6949559818015038
4.768472051666803,-0.699816950232823
4.799360462467119,-0.9407168595485219
4.799797741828421,-0.9457162982250121
4.808128947075263,-1.0190230672915863
4.816855717993722,-1.086534635572729
4.825894895143911,-1.1419182055146795
4.851278725875934,-1.3527361691462254
4.853238446962084,-1.3586863407856324
4.87000625142306,-1.4632549168570625
4.880741479584973,-1.5343755197437063
4.894016561002626,-1.6148007631316823
4.931420668927885,-1.8397015954398184
4.935356964607628,-1.883731690618085
4.940761629301848,-1.8923579789856817
4.944229329338528,-1.9067517331667212
4.952861063764573,-1.952757534898455
4.956791600642422,-1.9615567208333013
4.96132116853655,-1.9992869947613494
4.978458343537294,-2.048674974413499
4.990662952788918,-2.124646383914315
