nsamples,nfeatures,nclasses,n_bin_attr,geom_mean_std_ratio,attr_mean_corr,attr_skewness,attr_kurtosis,class_entropy,attr_mean_entropy,mean_mutual_info,equiv_number_attr,noise_signal_ratio
0.21079311213635527,-0.15041983274971613,0.09969779374671134,-0.11297953314513645,-0.09739121051791536,0.05788984826053573,-0.19411466640608813,-0.3203435704094717,1.388049381644297,0.3096818974162661,1.3530061148367463,0.688112131790124,-0.7455215594410182
param_C,param_gamma,param_kernel,mean_test_acc,std_test_acc,mean_test_f1,std_test_f1
3.0517578125e-05,3.0517578125e-05,rbf,0.21299921691464369,0.015602964827293671,0.0,0.0
3.0517578125e-05,6.103515625e-05,rbf,0.21299921691464369,0.015602964827293671,0.0,0.0
3.0517578125e-05,0.0001220703125,rbf,0.21299921691464369,0.015602964827293671,0.0,0.0
3.0517578125e-05,0.000244140625,rbf,0.21299921691464369,0.015602964827293671,0.0,0.0
3.0517578125e-05,0.00048828125,rbf,0.21299921691464369,0.015602964827293671,0.0,0.0
3.0517578125e-05,0.0009765625,rbf,0.21299921691464369,0.015602964827293671,0.0,0.0
3.0517578125e-05,0.001953125,rbf,0.21299921691464369,0.015602964827293671,0.0,0.0
3.0517578125e-05,0.00390625,rbf,0.21299921691464369,0.015602964827293671,0.0,0.0
3.0517578125e-05,0.0078125,rbf,0.21299921691464369,0.015602964827293671,0.0,0.0
3.0517578125e-05,0.015625,rbf,0.21299921691464369,0.015602964827293671,0.0,0.0
3.0517578125e-05,0.03125,rbf,0.21299921691464369,0.015602964827293671,0.0,0.0
3.0517578125e-05,0.0625,rbf,0.21299921691464369,0.015602964827293671,0.0,0.0
3.0517578125e-05,0.125,rbf,0.21299921691464369,0.015602964827293671,0.0,0.0
3.0517578125e-05,0.25,rbf,0.21299921691464369,0.015602964827293671,0.0,0.0
3.0517578125e-05,0.5,rbf,0.21299921691464369,0.015602964827293671,0.0,0.0
3.0517578125e-05,1.0,rbf,0.21299921691464369,0.015602964827293671,0.0,0.0
3.0517578125e-05,2.0,rbf,0.21299921691464369,0.015602964827293671,0.0,0.0
3.0517578125e-05,4.0,rbf,0.21299921691464369,0.015602964827293671,0.0,0.0
3.0517578125e-05,8.0,rbf,0.21299921691464369,0.015602964827293671,0.0,0.0
3.0517578125e-05,16.0,rbf,0.21299921691464369,0.015602964827293671,0.0,0.0
3.0517578125e-05,32.0,rbf,0.21299921691464369,0.015602964827293671,0.0,0.0
3.0517578125e-05,64.0,rbf,0.21299921691464369,0.015602964827293671,0.0,0.0
3.0517578125e-05,128.0,rbf,0.21299921691464369,0.015602964827293671,0.0,0.0
3.0517578125e-05,256.0,rbf,0.21299921691464369,0.015602964827293671,0.0,0.0
3.0517578125e-05,512.0,rbf,0.21299921691464369,0.015602964827293671,0.0,0.0
3.0517578125e-05,1024.0,rbf,0.21299921691464369,0.015602964827293671,0.0,0.0
3.0517578125e-05,2048.0,rbf,0.21299921691464369,0.015602964827293671,0.0,0.0
3.0517578125e-05,4096.0,rbf,0.21299921691464369,0.015602964827293671,0.0,0.0
3.0517578125e-05,8192.0,rbf,0.21299921691464369,0.015602964827293671,0.0,0.0
3.0517578125e-05,16384.0,rbf,0.21299921691464369,0.015602964827293671,0.0,0.0
3.0517578125e-05,32768.0,rbf,0.21299921691464369,0.015602964827293671,0.0,0.0
6.103515625e-05,3.0517578125e-05,rbf,0.21299921691464369,0.015602964827293671,0.0,0.0
6.103515625e-05,6.103515625e-05,rbf,0.21299921691464369,0.015602964827293671,0.0,0.0
6.103515625e-05,0.0001220703125,rbf,0.21299921691464369,0.015602964827293671,0.0,0.0
6.103515625e-05,0.000244140625,rbf,0.21299921691464369,0.015602964827293671,0.0,0.0
6.103515625e-05,0.00048828125,rbf,0.21299921691464369,0.015602964827293671,0.0,0.0
6.103515625e-05,0.0009765625,rbf,0.21299921691464369,0.015602964827293671,0.0,0.0
6.103515625e-05,0.001953125,rbf,0.21299921691464369,0.015602964827293671,0.0,0.0
6.103515625e-05,0.00390625,rbf,0.21299921691464369,0.015602964827293671,0.0,0.0
6.103515625e-05,0.0078125,rbf,0.21299921691464369,0.015602964827293671,0.0,0.0
6.103515625e-05,0.015625,rbf,0.21299921691464369,0.015602964827293671,0.0,0.0
6.103515625e-05,0.03125,rbf,0.21299921691464369,0.015602964827293671,0.0,0.0
6.103515625e-05,0.0625,rbf,0.21299921691464369,0.015602964827293671,0.0,0.0
6.103515625e-05,0.125,rbf,0.21299921691464369,0.015602964827293671,0.0,0.0
6.103515625e-05,0.25,rbf,0.21299921691464369,0.015602964827293671,0.0,0.0
6.103515625e-05,0.5,rbf,0.21299921691464369,0.015602964827293671,0.0,0.0
6.103515625e-05,1.0,rbf,0.21299921691464369,0.015602964827293671,0.0,0.0
6.103515625e-05,2.0,rbf,0.21299921691464369,0.015602964827293671,0.0,0.0
6.103515625e-05,4.0,rbf,0.21299921691464369,0.015602964827293671,0.0,0.0
6.103515625e-05,8.0,rbf,0.21299921691464369,0.015602964827293671,0.0,0.0
6.103515625e-05,16.0,rbf,0.21299921691464369,0.015602964827293671,0.0,0.0
6.103515625e-05,32.0,rbf,0.21299921691464369,0.015602964827293671,0.0,0.0
6.103515625e-05,64.0,rbf,0.21299921691464369,0.015602964827293671,0.0,0.0
6.103515625e-05,128.0,rbf,0.21299921691464369,0.015602964827293671,0.0,0.0
6.103515625e-05,256.0,rbf,0.21299921691464369,0.015602964827293671,0.0,0.0
6.103515625e-05,512.0,rbf,0.21299921691464369,0.015602964827293671,0.0,0.0
6.103515625e-05,1024.0,rbf,0.21299921691464369,0.015602964827293671,0.0,0.0
6.103515625e-05,2048.0,rbf,0.21299921691464369,0.015602964827293671,0.0,0.0
6.103515625e-05,4096.0,rbf,0.21299921691464369,0.015602964827293671,0.0,0.0
6.103515625e-05,8192.0,rbf,0.21299921691464369,0.015602964827293671,0.0,0.0
6.103515625e-05,16384.0,rbf,0.21299921691464369,0.015602964827293671,0.0,0.0
6.103515625e-05,32768.0,rbf,0.21299921691464369,0.015602964827293671,0.0,0.0
0.0001220703125,3.0517578125e-05,rbf,0.21299921691464369,0.015602964827293671,0.0,0.0
0.0001220703125,6.103515625e-05,rbf,0.21299921691464369,0.015602964827293671,0.0,0.0
0.0001220703125,0.0001220703125,rbf,0.21299921691464369,0.015602964827293671,0.0,0.0
0.0001220703125,0.000244140625,rbf,0.21299921691464369,0.015602964827293671,0.0,0.0
0.0001220703125,0.00048828125,rbf,0.21299921691464369,0.015602964827293671,0.0,0.0
0.0001220703125,0.0009765625,rbf,0.21299921691464369,0.015602964827293671,0.0,0.0
0.0001220703125,0.001953125,rbf,0.21299921691464369,0.015602964827293671,0.0,0.0
0.0001220703125,0.00390625,rbf,0.21299921691464369,0.015602964827293671,0.0,0.0
0.0001220703125,0.0078125,rbf,0.21299921691464369,0.015602964827293671,0.0,0.0
0.0001220703125,0.015625,rbf,0.21299921691464369,0.015602964827293671,0.0,0.0
0.0001220703125,0.03125,rbf,0.21299921691464369,0.015602964827293671,0.0,0.0
0.0001220703125,0.0625,rbf,0.21299921691464369,0.015602964827293671,0.0,0.0
0.0001220703125,0.125,rbf,0.21299921691464369,0.015602964827293671,0.0,0.0
0.0001220703125,0.25,rbf,0.21299921691464369,0.015602964827293671,0.0,0.0
0.0001220703125,0.5,rbf,0.21299921691464369,0.015602964827293671,0.0,0.0
0.0001220703125,1.0,rbf,0.21299921691464369,0.015602964827293671,0.0,0.0
0.0001220703125,2.0,rbf,0.21299921691464369,0.015602964827293671,0.0,0.0
0.0001220703125,4.0,rbf,0.21299921691464369,0.015602964827293671,0.0,0.0
0.0001220703125,8.0,rbf,0.21299921691464369,0.015602964827293671,0.0,0.0
0.0001220703125,16.0,rbf,0.21299921691464369,0.015602964827293671,0.0,0.0
0.0001220703125,32.0,rbf,0.21299921691464369,0.015602964827293671,0.0,0.0
0.0001220703125,64.0,rbf,0.21299921691464369,0.015602964827293671,0.0,0.0
0.0001220703125,128.0,rbf,0.21299921691464369,0.015602964827293671,0.0,0.0
0.0001220703125,256.0,rbf,0.21299921691464369,0.015602964827293671,0.0,0.0
0.0001220703125,512.0,rbf,0.21299921691464369,0.015602964827293671,0.0,0.0
0.0001220703125,1024.0,rbf,0.21299921691464369,0.015602964827293671,0.0,0.0
0.0001220703125,2048.0,rbf,0.21299921691464369,0.015602964827293671,0.0,0.0
0.0001220703125,4096.0,rbf,0.21299921691464369,0.015602964827293671,0.0,0.0
0.0001220703125,8192.0,rbf,0.21299921691464369,0.015602964827293671,0.0,0.0
0.0001220703125,16384.0,rbf,0.21299921691464369,0.015602964827293671,0.0,0.0
0.0001220703125,32768.0,rbf,0.21299921691464369,0.015602964827293671,0.0,0.0
0.000244140625,3.0517578125e-05,rbf,0.21299921691464369,0.015602964827293671,0.0,0.0
0.000244140625,6.103515625e-05,rbf,0.21299921691464369,0.015602964827293671,0.0,0.0
0.000244140625,0.0001220703125,rbf,0.21299921691464369,0.015602964827293671,0.0,0.0
0.000244140625,0.000244140625,rbf,0.21299921691464369,0.015602964827293671,0.0,0.0
0.000244140625,0.00048828125,rbf,0.21299921691464369,0.015602964827293671,0.0,0.0
0.000244140625,0.0009765625,rbf,0.21299921691464369,0.015602964827293671,0.0,0.0
0.000244140625,0.001953125,rbf,0.21299921691464369,0.015602964827293671,0.0,0.0
0.000244140625,0.00390625,rbf,0.21299921691464369,0.015602964827293671,0.0,0.0
0.000244140625,0.0078125,rbf,0.21299921691464369,0.015602964827293671,0.0,0.0
0.000244140625,0.015625,rbf,0.21299921691464369,0.015602964827293671,0.0,0.0
0.000244140625,0.03125,rbf,0.21299921691464369,0.015602964827293671,0.0,0.0
0.000244140625,0.0625,rbf,0.21299921691464369,0.015602964827293671,0.0,0.0
0.000244140625,0.125,rbf,0.21299921691464369,0.015602964827293671,0.0,0.0
0.000244140625,0.25,rbf,0.21299921691464369,0.015602964827293671,0.0,0.0
0.000244140625,0.5,rbf,0.21299921691464369,0.015602964827293671,0.0,0.0
0.000244140625,1.0,rbf,0.21299921691464369,0.015602964827293671,0.0,0.0
0.000244140625,2.0,rbf,0.21299921691464369,0.015602964827293671,0.0,0.0
0.000244140625,4.0,rbf,0.21299921691464369,0.015602964827293671,0.0,0.0
0.000244140625,8.0,rbf,0.21299921691464369,0.015602964827293671,0.0,0.0
0.000244140625,16.0,rbf,0.21299921691464369,0.015602964827293671,0.0,0.0
0.000244140625,32.0,rbf,0.21299921691464369,0.015602964827293671,0.0,0.0
0.000244140625,64.0,rbf,0.21299921691464369,0.015602964827293671,0.0,0.0
0.000244140625,128.0,rbf,0.21299921691464369,0.015602964827293671,0.0,0.0
0.000244140625,256.0,rbf,0.21299921691464369,0.015602964827293671,0.0,0.0
0.000244140625,512.0,rbf,0.21299921691464369,0.015602964827293671,0.0,0.0
0.000244140625,1024.0,rbf,0.21299921691464369,0.015602964827293671,0.0,0.0
0.000244140625,2048.0,rbf,0.21299921691464369,0.015602964827293671,0.0,0.0
0.000244140625,4096.0,rbf,0.21299921691464369,0.015602964827293671,0.0,0.0
0.000244140625,8192.0,rbf,0.21299921691464369,0.015602964827293671,0.0,0.0
0.000244140625,16384.0,rbf,0.21299921691464369,0.015602964827293671,0.0,0.0
0.000244140625,32768.0,rbf,0.21299921691464369,0.015602964827293671,0.0,0.0
0.00048828125,3.0517578125e-05,rbf,0.21299921691464369,0.015602964827293671,0.0,0.0
0.00048828125,6.103515625e-05,rbf,0.21299921691464369,0.015602964827293671,0.0,0.0
0.00048828125,0.0001220703125,rbf,0.21299921691464369,0.015602964827293671,0.0,0.0
0.00048828125,0.000244140625,rbf,0.21299921691464369,0.015602964827293671,0.0,0.0
0.00048828125,0.00048828125,rbf,0.21299921691464369,0.015602964827293671,0.0,0.0
0.00048828125,0.0009765625,rbf,0.21299921691464369,0.015602964827293671,0.0,0.0
0.00048828125,0.001953125,rbf,0.21299921691464369,0.015602964827293671,0.0,0.0
0.00048828125,0.00390625,rbf,0.21299921691464369,0.015602964827293671,0.0,0.0
0.00048828125,0.0078125,rbf,0.21299921691464369,0.015602964827293671,0.0,0.0
0.00048828125,0.015625,rbf,0.21299921691464369,0.015602964827293671,0.0,0.0
0.00048828125,0.03125,rbf,0.21299921691464369,0.015602964827293671,0.0,0.0
0.00048828125,0.0625,rbf,0.21299921691464369,0.015602964827293671,0.0,0.0
0.00048828125,0.125,rbf,0.21299921691464369,0.015602964827293671,0.0,0.0
0.00048828125,0.25,rbf,0.21299921691464369,0.015602964827293671,0.0,0.0
0.00048828125,0.5,rbf,0.21299921691464369,0.015602964827293671,0.0,0.0
0.00048828125,1.0,rbf,0.21299921691464369,0.015602964827293671,0.0,0.0
0.00048828125,2.0,rbf,0.21299921691464369,0.015602964827293671,0.0,0.0
0.00048828125,4.0,rbf,0.21299921691464369,0.015602964827293671,0.0,0.0
0.00048828125,8.0,rbf,0.21299921691464369,0.015602964827293671,0.0,0.0
0.00048828125,16.0,rbf,0.21299921691464369,0.015602964827293671,0.0,0.0
0.00048828125,32.0,rbf,0.21299921691464369,0.015602964827293671,0.0,0.0
0.00048828125,64.0,rbf,0.21299921691464369,0.015602964827293671,0.0,0.0
0.00048828125,128.0,rbf,0.21299921691464369,0.015602964827293671,0.0,0.0
0.00048828125,256.0,rbf,0.21299921691464369,0.015602964827293671,0.0,0.0
0.00048828125,512.0,rbf,0.21299921691464369,0.015602964827293671,0.0,0.0
0.00048828125,1024.0,rbf,0.21299921691464369,0.015602964827293671,0.0,0.0
0.00048828125,2048.0,rbf,0.21299921691464369,0.015602964827293671,0.0,0.0
0.00048828125,4096.0,rbf,0.21299921691464369,0.015602964827293671,0.0,0.0
0.00048828125,8192.0,rbf,0.21299921691464369,0.015602964827293671,0.0,0.0
0.00048828125,16384.0,rbf,0.21299921691464369,0.015602964827293671,0.0,0.0
0.00048828125,32768.0,rbf,0.21299921691464369,0.015602964827293671,0.0,0.0
0.0009765625,3.0517578125e-05,rbf,0.21299921691464369,0.015602964827293671,0.0,0.0
0.0009765625,6.103515625e-05,rbf,0.21299921691464369,0.015602964827293671,0.0,0.0
0.0009765625,0.0001220703125,rbf,0.21299921691464369,0.015602964827293671,0.0,0.0
0.0009765625,0.000244140625,rbf,0.21299921691464369,0.015602964827293671,0.0,0.0
0.0009765625,0.00048828125,rbf,0.21299921691464369,0.015602964827293671,0.0,0.0
0.0009765625,0.0009765625,rbf,0.21299921691464369,0.015602964827293671,0.0,0.0
0.0009765625,0.001953125,rbf,0.21299921691464369,0.015602964827293671,0.0,0.0
0.0009765625,0.00390625,rbf,0.21299921691464369,0.015602964827293671,0.0,0.0
0.0009765625,0.0078125,rbf,0.21299921691464369,0.015602964827293671,0.0,0.0
0.0009765625,0.015625,rbf,0.21299921691464369,0.015602964827293671,0.0,0.0
0.0009765625,0.03125,rbf,0.21299921691464369,0.015602964827293671,0.0,0.0
0.0009765625,0.0625,rbf,0.21299921691464369,0.015602964827293671,0.0,0.0
0.0009765625,0.125,rbf,0.21299921691464369,0.015602964827293671,0.0,0.0
0.0009765625,0.25,rbf,0.21299921691464369,0.015602964827293671,0.0,0.0
0.0009765625,0.5,rbf,0.21299921691464369,0.015602964827293671,0.0,0.0
0.0009765625,1.0,rbf,0.21299921691464369,0.015602964827293671,0.0,0.0
0.0009765625,2.0,rbf,0.21299921691464369,0.015602964827293671,0.0,0.0
0.0009765625,4.0,rbf,0.21299921691464369,0.015602964827293671,0.0,0.0
0.0009765625,8.0,rbf,0.21299921691464369,0.015602964827293671,0.0,0.0
0.0009765625,16.0,rbf,0.21299921691464369,0.015602964827293671,0.0,0.0
0.0009765625,32.0,rbf,0.21299921691464369,0.015602964827293671,0.0,0.0
0.0009765625,64.0,rbf,0.21299921691464369,0.015602964827293671,0.0,0.0
0.0009765625,128.0,rbf,0.21299921691464369,0.015602964827293671,0.0,0.0
0.0009765625,256.0,rbf,0.21299921691464369,0.015602964827293671,0.0,0.0
0.0009765625,512.0,rbf,0.21299921691464369,0.015602964827293671,0.0,0.0
0.0009765625,1024.0,rbf,0.21299921691464369,0.015602964827293671,0.0,0.0
0.0009765625,2048.0,rbf,0.21299921691464369,0.015602964827293671,0.0,0.0
0.0009765625,4096.0,rbf,0.21299921691464369,0.015602964827293671,0.0,0.0
0.0009765625,8192.0,rbf,0.21299921691464369,0.015602964827293671,0.0,0.0
0.0009765625,16384.0,rbf,0.21299921691464369,0.015602964827293671,0.0,0.0
0.0009765625,32768.0,rbf,0.21299921691464369,0.015602964827293671,0.0,0.0
0.001953125,3.0517578125e-05,rbf,0.21299921691464369,0.015602964827293671,0.0,0.0
0.001953125,6.103515625e-05,rbf,0.21299921691464369,0.015602964827293671,0.0,0.0
0.001953125,0.0001220703125,rbf,0.21299921691464369,0.015602964827293671,0.0,0.0
0.001953125,0.000244140625,rbf,0.21299921691464369,0.015602964827293671,0.0,0.0
0.001953125,0.00048828125,rbf,0.21299921691464369,0.015602964827293671,0.0,0.0
0.001953125,0.0009765625,rbf,0.21299921691464369,0.015602964827293671,0.0,0.0
0.001953125,0.001953125,rbf,0.21299921691464369,0.015602964827293671,0.0,0.0
0.001953125,0.00390625,rbf,0.21299921691464369,0.015602964827293671,0.0,0.0
0.001953125,0.0078125,rbf,0.21299921691464369,0.015602964827293671,0.0,0.0
0.001953125,0.015625,rbf,0.21299921691464369,0.015602964827293671,0.0,0.0
0.001953125,0.03125,rbf,0.21299921691464369,0.015602964827293671,0.0,0.0
0.001953125,0.0625,rbf,0.21299921691464369,0.015602964827293671,0.0,0.0
0.001953125,0.125,rbf,0.21299921691464369,0.015602964827293671,0.0,0.0
0.001953125,0.25,rbf,0.21299921691464369,0.015602964827293671,0.0,0.0
0.001953125,0.5,rbf,0.21299921691464369,0.015602964827293671,0.0,0.0
0.001953125,1.0,rbf,0.21299921691464369,0.015602964827293671,0.0,0.0
0.001953125,2.0,rbf,0.21299921691464369,0.015602964827293671,0.0,0.0
0.001953125,4.0,rbf,0.21299921691464369,0.015602964827293671,0.0,0.0
0.001953125,8.0,rbf,0.21299921691464369,0.015602964827293671,0.0,0.0
0.001953125,16.0,rbf,0.21299921691464369,0.015602964827293671,0.0,0.0
0.001953125,32.0,rbf,0.21299921691464369,0.015602964827293671,0.0,0.0
0.001953125,64.0,rbf,0.21299921691464369,0.015602964827293671,0.0,0.0
0.001953125,128.0,rbf,0.21299921691464369,0.015602964827293671,0.0,0.0
0.001953125,256.0,rbf,0.21299921691464369,0.015602964827293671,0.0,0.0
0.001953125,512.0,rbf,0.21299921691464369,0.015602964827293671,0.0,0.0
0.001953125,1024.0,rbf,0.21299921691464369,0.015602964827293671,0.0,0.0
0.001953125,2048.0,rbf,0.21299921691464369,0.015602964827293671,0.0,0.0
0.001953125,4096.0,rbf,0.21299921691464369,0.015602964827293671,0.0,0.0
0.001953125,8192.0,rbf,0.21299921691464369,0.015602964827293671,0.0,0.0
0.001953125,16384.0,rbf,0.21299921691464369,0.015602964827293671,0.0,0.0
0.001953125,32768.0,rbf,0.21299921691464369,0.015602964827293671,0.0,0.0
0.00390625,3.0517578125e-05,rbf,0.21299921691464369,0.015602964827293671,0.0,0.0
0.00390625,6.103515625e-05,rbf,0.21299921691464369,0.015602964827293671,0.0,0.0
0.00390625,0.0001220703125,rbf,0.21299921691464369,0.015602964827293671,0.0,0.0
0.00390625,0.000244140625,rbf,0.21299921691464369,0.015602964827293671,0.0,0.0
0.00390625,0.00048828125,rbf,0.21299921691464369,0.015602964827293671,0.0,0.0
0.00390625,0.0009765625,rbf,0.21299921691464369,0.015602964827293671,0.0,0.0
0.00390625,0.001953125,rbf,0.21299921691464369,0.015602964827293671,0.0,0.0
0.00390625,0.00390625,rbf,0.21299921691464369,0.015602964827293671,0.0,0.0
0.00390625,0.0078125,rbf,0.21299921691464369,0.015602964827293671,0.0,0.0
0.00390625,0.015625,rbf,0.21299921691464369,0.015602964827293671,0.0,0.0
0.00390625,0.03125,rbf,0.21299921691464369,0.015602964827293671,0.0,0.0
0.00390625,0.0625,rbf,0.21299921691464369,0.015602964827293671,0.0,0.0
0.00390625,0.125,rbf,0.21299921691464369,0.015602964827293671,0.0,0.0
0.00390625,0.25,rbf,0.21299921691464369,0.015602964827293671,0.0,0.0
0.00390625,0.5,rbf,0.21299921691464369,0.015602964827293671,0.0,0.0
0.00390625,1.0,rbf,0.21299921691464369,0.015602964827293671,0.0,0.0
0.00390625,2.0,rbf,0.21299921691464369,0.015602964827293671,0.0,0.0
0.00390625,4.0,rbf,0.21299921691464369,0.015602964827293671,0.0,0.0
0.00390625,8.0,rbf,0.21299921691464369,0.015602964827293671,0.0,0.0
0.00390625,16.0,rbf,0.21299921691464369,0.015602964827293671,0.0,0.0
0.00390625,32.0,rbf,0.21299921691464369,0.015602964827293671,0.0,0.0
0.00390625,64.0,rbf,0.21299921691464369,0.015602964827293671,0.0,0.0
0.00390625,128.0,rbf,0.21299921691464369,0.015602964827293671,0.0,0.0
0.00390625,256.0,rbf,0.21299921691464369,0.015602964827293671,0.0,0.0
0.00390625,512.0,rbf,0.21299921691464369,0.015602964827293671,0.0,0.0
0.00390625,1024.0,rbf,0.21299921691464369,0.015602964827293671,0.0,0.0
0.00390625,2048.0,rbf,0.21299921691464369,0.015602964827293671,0.0,0.0
0.00390625,4096.0,rbf,0.21299921691464369,0.015602964827293671,0.0,0.0
0.00390625,8192.0,rbf,0.21299921691464369,0.015602964827293671,0.0,0.0
0.00390625,16384.0,rbf,0.21299921691464369,0.015602964827293671,0.0,0.0
0.00390625,32768.0,rbf,0.21299921691464369,0.015602964827293671,0.0,0.0
0.0078125,3.0517578125e-05,rbf,0.21299921691464369,0.015602964827293671,0.0,0.0
0.0078125,6.103515625e-05,rbf,0.21299921691464369,0.015602964827293671,0.0,0.0
0.0078125,0.0001220703125,rbf,0.21299921691464369,0.015602964827293671,0.0,0.0
0.0078125,0.000244140625,rbf,0.21299921691464369,0.015602964827293671,0.0,0.0
0.0078125,0.00048828125,rbf,0.21299921691464369,0.015602964827293671,0.0,0.0
0.0078125,0.0009765625,rbf,0.21299921691464369,0.015602964827293671,0.0,0.0
0.0078125,0.001953125,rbf,0.21299921691464369,0.015602964827293671,0.0,0.0
0.0078125,0.00390625,rbf,0.21299921691464369,0.015602964827293671,0.0,0.0
0.0078125,0.0078125,rbf,0.21299921691464369,0.015602964827293671,0.0,0.0
0.0078125,0.015625,rbf,0.21299921691464369,0.015602964827293671,0.0,0.0
0.0078125,0.03125,rbf,0.21299921691464369,0.015602964827293671,0.0,0.0
0.0078125,0.0625,rbf,0.21299921691464369,0.015602964827293671,0.0,0.0
0.0078125,0.125,rbf,0.21299921691464369,0.015602964827293671,0.0,0.0
0.0078125,0.25,rbf,0.21299921691464369,0.015602964827293671,0.0,0.0
0.0078125,0.5,rbf,0.21299921691464369,0.015602964827293671,0.0,0.0
0.0078125,1.0,rbf,0.21299921691464369,0.015602964827293671,0.0,0.0
0.0078125,2.0,rbf,0.21299921691464369,0.015602964827293671,0.0,0.0
0.0078125,4.0,rbf,0.21299921691464369,0.015602964827293671,0.0,0.0
0.0078125,8.0,rbf,0.21299921691464369,0.015602964827293671,0.0,0.0
0.0078125,16.0,rbf,0.21299921691464369,0.015602964827293671,0.0,0.0
0.0078125,32.0,rbf,0.21299921691464369,0.015602964827293671,0.0,0.0
0.0078125,64.0,rbf,0.21299921691464369,0.015602964827293671,0.0,0.0
0.0078125,128.0,rbf,0.21299921691464369,0.015602964827293671,0.0,0.0
0.0078125,256.0,rbf,0.21299921691464369,0.015602964827293671,0.0,0.0
0.0078125,512.0,rbf,0.21299921691464369,0.015602964827293671,0.0,0.0
0.0078125,1024.0,rbf,0.21299921691464369,0.015602964827293671,0.0,0.0
0.0078125,2048.0,rbf,0.21299921691464369,0.015602964827293671,0.0,0.0
0.0078125,4096.0,rbf,0.21299921691464369,0.015602964827293671,0.0,0.0
0.0078125,8192.0,rbf,0.21299921691464369,0.015602964827293671,0.0,0.0
0.0078125,16384.0,rbf,0.21299921691464369,0.015602964827293671,0.0,0.0
0.0078125,32768.0,rbf,0.21299921691464369,0.015602964827293671,0.0,0.0
0.015625,3.0517578125e-05,rbf,0.21299921691464369,0.015602964827293671,0.0,0.0
0.015625,6.103515625e-05,rbf,0.21299921691464369,0.015602964827293671,0.0,0.0
0.015625,0.0001220703125,rbf,0.21299921691464369,0.015602964827293671,0.0,0.0
0.015625,0.000244140625,rbf,0.21299921691464369,0.015602964827293671,0.0,0.0
0.015625,0.00048828125,rbf,0.21299921691464369,0.015602964827293671,0.0,0.0
0.015625,0.0009765625,rbf,0.21299921691464369,0.015602964827293671,0.0,0.0
0.015625,0.001953125,rbf,0.21299921691464369,0.015602964827293671,0.0,0.0
0.015625,0.00390625,rbf,0.21299921691464369,0.015602964827293671,0.0,0.0
0.015625,0.0078125,rbf,0.21299921691464369,0.015602964827293671,0.0,0.0
0.015625,0.015625,rbf,0.21299921691464369,0.015602964827293671,0.0,0.0
0.015625,0.03125,rbf,0.21299921691464369,0.015602964827293671,0.0,0.0
0.015625,0.0625,rbf,0.21299921691464369,0.015602964827293671,0.0,0.0
0.015625,0.125,rbf,0.21299921691464369,0.015602964827293671,0.0,0.0
0.015625,0.25,rbf,0.21299921691464369,0.015602964827293671,0.0,0.0
0.015625,0.5,rbf,0.21299921691464369,0.015602964827293671,0.0,0.0
0.015625,1.0,rbf,0.21299921691464369,0.015602964827293671,0.0,0.0
0.015625,2.0,rbf,0.21299921691464369,0.015602964827293671,0.0,0.0
0.015625,4.0,rbf,0.21299921691464369,0.015602964827293671,0.0,0.0
0.015625,8.0,rbf,0.21299921691464369,0.015602964827293671,0.0,0.0
0.015625,16.0,rbf,0.21299921691464369,0.015602964827293671,0.0,0.0
0.015625,32.0,rbf,0.21299921691464369,0.015602964827293671,0.0,0.0
0.015625,64.0,rbf,0.21299921691464369,0.015602964827293671,0.0,0.0
0.015625,128.0,rbf,0.21299921691464369,0.015602964827293671,0.0,0.0
0.015625,256.0,rbf,0.21299921691464369,0.015602964827293671,0.0,0.0
0.015625,512.0,rbf,0.21299921691464369,0.015602964827293671,0.0,0.0
0.015625,1024.0,rbf,0.21299921691464369,0.015602964827293671,0.0,0.0
0.015625,2048.0,rbf,0.21299921691464369,0.015602964827293671,0.0,0.0
0.015625,4096.0,rbf,0.21299921691464369,0.015602964827293671,0.0,0.0
0.015625,8192.0,rbf,0.21299921691464369,0.015602964827293671,0.0,0.0
0.015625,16384.0,rbf,0.21299921691464369,0.015602964827293671,0.0,0.0
0.015625,32768.0,rbf,0.21299921691464369,0.015602964827293671,0.0,0.0
0.03125,3.0517578125e-05,rbf,0.21299921691464369,0.015602964827293671,0.0,0.0
0.03125,6.103515625e-05,rbf,0.21299921691464369,0.015602964827293671,0.0,0.0
0.03125,0.0001220703125,rbf,0.21299921691464369,0.015602964827293671,0.0,0.0
0.03125,0.000244140625,rbf,0.21299921691464369,0.015602964827293671,0.0,0.0
0.03125,0.00048828125,rbf,0.21299921691464369,0.015602964827293671,0.0,0.0
0.03125,0.0009765625,rbf,0.21299921691464369,0.015602964827293671,0.0,0.0
0.03125,0.001953125,rbf,0.21299921691464369,0.015602964827293671,0.0,0.0
0.03125,0.00390625,rbf,0.21299921691464369,0.015602964827293671,0.0,0.0
0.03125,0.0078125,rbf,0.21299921691464369,0.015602964827293671,0.0,0.0
0.03125,0.015625,rbf,0.21299921691464369,0.015602964827293671,0.0,0.0
0.03125,0.03125,rbf,0.21299921691464369,0.015602964827293671,0.0,0.0
0.03125,0.0625,rbf,0.21299921691464369,0.015602964827293671,0.0,0.0
0.03125,0.125,rbf,0.21299921691464369,0.015602964827293671,0.09252604139756652,0.07577409057449827
0.03125,0.25,rbf,0.21378230227094752,0.014812473559202032,0.09924649246681844,0.0812685868202222
0.03125,0.5,rbf,0.21378230227094752,0.014812473559202032,0.0962155735733628,0.07859899591724721
0.03125,1.0,rbf,0.21299921691464369,0.015602964827293671,0.0,0.0
0.03125,2.0,rbf,0.21299921691464369,0.015602964827293671,0.0,0.0
0.03125,4.0,rbf,0.21299921691464369,0.015602964827293671,0.0,0.0
0.03125,8.0,rbf,0.21299921691464369,0.015602964827293671,0.0,0.0
0.03125,16.0,rbf,0.21299921691464369,0.015602964827293671,0.0,0.0
0.03125,32.0,rbf,0.21299921691464369,0.015602964827293671,0.0,0.0
0.03125,64.0,rbf,0.21299921691464369,0.015602964827293671,0.0,0.0
0.03125,128.0,rbf,0.21299921691464369,0.015602964827293671,0.0,0.0
0.03125,256.0,rbf,0.21299921691464369,0.015602964827293671,0.0,0.0
0.03125,512.0,rbf,0.21299921691464369,0.015602964827293671,0.0,0.0
0.03125,1024.0,rbf,0.21299921691464369,0.015602964827293671,0.0,0.0
0.03125,2048.0,rbf,0.21299921691464369,0.015602964827293671,0.0,0.0
0.03125,4096.0,rbf,0.21299921691464369,0.015602964827293671,0.0,0.0
0.03125,8192.0,rbf,0.21299921691464369,0.015602964827293671,0.0,0.0
0.03125,16384.0,rbf,0.21299921691464369,0.015602964827293671,0.0,0.0
0.03125,32768.0,rbf,0.21299921691464369,0.015602964827293671,0.0,0.0
0.0625,3.0517578125e-05,rbf,0.21299921691464369,0.015602964827293671,0.0,0.0
0.0625,6.103515625e-05,rbf,0.21299921691464369,0.015602964827293671,0.0,0.0
0.0625,0.0001220703125,rbf,0.21299921691464369,0.015602964827293671,0.0,0.0
0.0625,0.000244140625,rbf,0.21299921691464369,0.015602964827293671,0.0,0.0
0.0625,0.00048828125,rbf,0.21299921691464369,0.015602964827293671,0.0,0.0
0.0625,0.0009765625,rbf,0.21299921691464369,0.015602964827293671,0.0,0.0
0.0625,0.001953125,rbf,0.21299921691464369,0.015602964827293671,0.0,0.0
0.0625,0.00390625,rbf,0.21299921691464369,0.015602964827293671,0.0,0.0
0.0625,0.0078125,rbf,0.21299921691464369,0.015602964827293671,0.0,0.0
0.0625,0.015625,rbf,0.21299921691464369,0.015602964827293671,0.0,0.0
0.0625,0.03125,rbf,0.21299921691464369,0.015602964827293671,0.060892610160284334,0.07485471231560739
0.0625,0.0625,rbf,0.21378230227094752,0.01518003644784549,0.09486302106643596,0.0783345215126553
0.0625,0.125,rbf,0.2396241190289741,0.018786472680851287,0.24605087734299586,0.059064287549052005
0.0625,0.25,rbf,0.2654659357870008,0.010231726318109749,0.2912334665626041,0.09701837969932316
0.0625,0.5,rbf,0.2685982772122161,0.01854158024613625,0.2690711420638105,0.06809850440864873
0.0625,1.0,rbf,0.2396241190289741,0.02693259987363419,0.18678742226054684,0.036492181054637064
0.0625,2.0,rbf,0.2192638997650744,0.012844724605284512,0.20709975979805265,0.06377992099718766
0.0625,4.0,rbf,0.21299921691464369,0.015602964827293671,0.0,0.0
0.0625,8.0,rbf,0.21299921691464369,0.015602964827293671,0.0,0.0
0.0625,16.0,rbf,0.21299921691464369,0.015602964827293671,0.0,0.0
0.0625,32.0,rbf,0.21299921691464369,0.015602964827293671,0.0,0.0
0.0625,64.0,rbf,0.21299921691464369,0.015602964827293671,0.0,0.0
0.0625,128.0,rbf,0.21299921691464369,0.015602964827293671,0.0,0.0
0.0625,256.0,rbf,0.21299921691464369,0.015602964827293671,0.0,0.0
0.0625,512.0,rbf,0.21299921691464369,0.015602964827293671,0.0,0.0
0.0625,1024.0,rbf,0.21299921691464369,0.015602964827293671,0.0,0.0
0.0625,2048.0,rbf,0.21299921691464369,0.015602964827293671,0.0,0.0
0.0625,4096.0,rbf,0.21299921691464369,0.015602964827293671,0.0,0.0
0.0625,8192.0,rbf,0.21299921691464369,0.015602964827293671,0.0,0.0
0.0625,16384.0,rbf,0.21299921691464369,0.015602964827293671,0.0,0.0
0.0625,32768.0,rbf,0.21299921691464369,0.015602964827293671,0.0,0.0
0.125,3.0517578125e-05,rbf,0.21299921691464369,0.015602964827293671,0.0,0.0
0.125,6.103515625e-05,rbf,0.21299921691464369,0.015602964827293671,0.0,0.0
0.125,0.0001220703125,rbf,0.21299921691464369,0.015602964827293671,0.0,0.0
0.125,0.000244140625,rbf,0.21299921691464369,0.015602964827293671,0.0,0.0
0.125,0.00048828125,rbf,0.21299921691464369,0.015602964827293671,0.0,0.0
0.125,0.0009765625,rbf,0.21299921691464369,0.015602964827293671,0.0,0.0
0.125,0.001953125,rbf,0.21299921691464369,0.015602964827293671,0.0,0.0
0.125,0.00390625,rbf,0.21299921691464369,0.015602964827293671,0.0,0.0
0.125,0.0078125,rbf,0.21299921691464369,0.015602964827293671,0.0,0.0
0.125,0.015625,rbf,0.21299921691464369,0.015602964827293671,0.060443271648391125,0.0741269080981596
0.125,0.03125,rbf,0.22396241190289745,0.011659097666248324,0.2223595608073156,0.05359508087994238
0.125,0.0625,rbf,0.2576350822239624,0.015011929816730241,0.2609507494572168,0.08764367281244625
0.125,0.125,rbf,0.2873923257635082,0.008742585183030083,0.2956750913326729,0.05122081628209807
0.125,0.25,rbf,0.2873923257635082,0.021647707653411598,0.2776184820530745,0.08586995609991872
0.125,0.5,rbf,0.2960062646828504,0.008110623473087516,0.28934913489847536,0.07226515908941443
0.125,1.0,rbf,0.2866092404072044,0.015389165322065237,0.2303552449803247,0.03780927692349596
0.125,2.0,rbf,0.25371965544244324,0.019519366910102233,0.19858879284268388,0.04421507360646091
0.125,4.0,rbf,0.22083007047768208,0.012600678673962735,0.19474721026021308,0.05709065422336105
0.125,8.0,rbf,0.21299921691464369,0.015602964827293671,0.0,0.0
0.125,16.0,rbf,0.21299921691464369,0.015602964827293671,0.0,0.0
0.125,32.0,rbf,0.21299921691464369,0.015602964827293671,0.0,0.0
0.125,64.0,rbf,0.21299921691464369,0.015602964827293671,0.0,0.0
0.125,128.0,rbf,0.21299921691464369,0.015602964827293671,0.0,0.0
0.125,256.0,rbf,0.21299921691464369,0.015602964827293671,0.0,0.0
0.125,512.0,rbf,0.21299921691464369,0.015602964827293671,0.0,0.0
0.125,1024.0,rbf,0.21299921691464369,0.015602964827293671,0.0,0.0
0.125,2048.0,rbf,0.21299921691464369,0.015602964827293671,0.0,0.0
0.125,4096.0,rbf,0.21299921691464369,0.015602964827293671,0.0,0.0
0.125,8192.0,rbf,0.21299921691464369,0.015602964827293671,0.0,0.0
0.125,16384.0,rbf,0.21299921691464369,0.015602964827293671,0.0,0.0
0.125,32768.0,rbf,0.21299921691464369,0.015602964827293671,0.0,0.0
0.25,3.0517578125e-05,rbf,0.21299921691464369,0.015602964827293671,0.0,0.0
0.25,6.103515625e-05,rbf,0.21299921691464369,0.015602964827293671,0.0,0.0
0.25,0.0001220703125,rbf,0.21299921691464369,0.015602964827293671,0.0,0.0
0.25,0.000244140625,rbf,0.21299921691464369,0.015602964827293671,0.0,0.0
0.25,0.00048828125,rbf,0.21299921691464369,0.015602964827293671,0.0,0.0
0.25,0.0009765625,rbf,0.21299921691464369,0.015602964827293671,0.0,0.0
0.25,0.001953125,rbf,0.21299921691464369,0.015602964827293671,0.0,0.0
0.25,0.00390625,rbf,0.21299921691464369,0.015602964827293671,0.028809840411108963,0.0576761430413727
0.25,0.0078125,rbf,0.21378230227094752,0.01522146723563957,0.10696375467826706,0.09252183883750688
0.25,0.015625,rbf,0.2278778386844166,0.013543190595057477,0.23732939047368354,0.062475500414225414
0.25,0.03125,rbf,0.2576350822239624,0.016234673911219133,0.27201083340115423,0.10016818624808813
0.25,0.0625,rbf,0.2811276429130775,0.015906265686044814,0.3038133189185889,0.07536337593782456
0.25,0.125,rbf,0.2983555207517619,0.017480514025819474,0.29851320389658753,0.042823712735324704
0.25,0.25,rbf,0.3038371182458888,0.013577168636983841,0.2832262388714717,0.0462355791986202
0.25,0.5,rbf,0.312451057165231,0.014364861048956488,0.2834484595272557,0.014486028448417891
0.25,1.0,rbf,0.307752545027408,0.023010781424840303,0.28241639189122497,0.02903602656943045
0.25,2.0,rbf,0.3014878621769773,0.021920897786065315,0.2692452506660586,0.03854957121157408
0.25,4.0,rbf,0.25841816758026626,0.014119195586287991,0.21100686864996748,0.03201043553401906
0.25,8.0,rbf,0.21848081440877054,0.016128399876146813,0.1788273381671472,0.053947247411681234
0.25,16.0,rbf,0.21299921691464369,0.015602964827293671,0.0,0.0
0.25,32.0,rbf,0.21299921691464369,0.015602964827293671,0.0,0.0
0.25,64.0,rbf,0.21299921691464369,0.015602964827293671,0.0,0.0
0.25,128.0,rbf,0.21299921691464369,0.015602964827293671,0.0,0.0
0.25,256.0,rbf,0.21299921691464369,0.015602964827293671,0.0,0.0
0.25,512.0,rbf,0.21299921691464369,0.015602964827293671,0.0,0.0
0.25,1024.0,rbf,0.21299921691464369,0.015602964827293671,0.0,0.0
0.25,2048.0,rbf,0.21299921691464369,0.015602964827293671,0.0,0.0
0.25,4096.0,rbf,0.21299921691464369,0.015602964827293671,0.0,0.0
0.25,8192.0,rbf,0.21299921691464369,0.015602964827293671,0.0,0.0
0.25,16384.0,rbf,0.21299921691464369,0.015602964827293671,0.0,0.0
0.25,32768.0,rbf,0.21299921691464369,0.015602964827293671,0.0,0.0
0.5,3.0517578125e-05,rbf,0.21299921691464369,0.015602964827293671,0.0,0.0
0.5,6.103515625e-05,rbf,0.21299921691464369,0.015602964827293671,0.0,0.0
0.5,0.0001220703125,rbf,0.21299921691464369,0.015602964827293671,0.0,0.0
0.5,0.000244140625,rbf,0.21299921691464369,0.015602964827293671,0.0,0.0
0.5,0.00048828125,rbf,0.21299921691464369,0.015602964827293671,0.0,0.0
0.5,0.0009765625,rbf,0.21299921691464369,0.015602964827293671,0.0,0.0
0.5,0.001953125,rbf,0.21299921691464369,0.015602964827293671,0.028809840411108963,0.0576761430413727
0.5,0.00390625,rbf,0.21456538762725136,0.014367445179830325,0.1725711635278854,0.0916039919071907
0.5,0.0078125,rbf,0.2278778386844166,0.012414197098356271,0.2334092940685267,0.06448261098601865
0.5,0.015625,rbf,0.24588880187940484,0.019515802434098808,0.25769673867702103,0.09858591673340736
0.5,0.03125,rbf,0.27877838684416606,0.018473935422016686,0.30083887844941304,0.07833940429168186
0.5,0.0625,rbf,0.2975724353954581,0.01828552423079725,0.290727536883714,0.04421796973556274
0.5,0.125,rbf,0.3101018010963195,0.014971974068381315,0.2915235180882817,0.043034199947851313
0.5,0.25,rbf,0.3179326546593579,0.023602299405292425,0.3011434259140072,0.02030688262952893
0.5,0.5,rbf,0.3187157400156617,0.02040472990550902,0.3099273551264248,0.01973445424782379
0.5,1.0,rbf,0.3390759592795615,0.03179547326517847,0.3313695519811304,0.028480609367971574
0.5,2.0,rbf,0.32341425215348474,0.024180989408261102,0.32016234182146425,0.02697175554568652
0.5,4.0,rbf,0.29287392325763506,0.010359941030306788,0.27502863733870986,0.009853664981774571
0.5,8.0,rbf,0.2662490211433046,0.013950930110612192,0.2180566943187472,0.014027162862334214
0.5,16.0,rbf,0.2231793265465936,0.015612741427836328,0.13076584047690976,0.005832005244508797
0.5,32.0,rbf,0.21299921691464369,0.015602964827293671,0.03208276974917538,0.06422841608325443
0.5,64.0,rbf,0.21299921691464369,0.015602964827293671,0.0,0.0
0.5,128.0,rbf,0.21299921691464369,0.015602964827293671,0.0,0.0
0.5,256.0,rbf,0.21299921691464369,0.015602964827293671,0.0,0.0
0.5,512.0,rbf,0.21299921691464369,0.015602964827293671,0.0,0.0
0.5,1024.0,rbf,0.21299921691464369,0.015602964827293671,0.0,0.0
0.5,2048.0,rbf,0.21299921691464369,0.015602964827293671,0.0,0.0
0.5,4096.0,rbf,0.21299921691464369,0.015602964827293671,0.0,0.0
0.5,8192.0,rbf,0.21299921691464369,0.015602964827293671,0.0,0.0
0.5,16384.0,rbf,0.21299921691464369,0.015602964827293671,0.0,0.0
0.5,32768.0,rbf,0.21299921691464369,0.015602964827293671,0.0,0.0
1.0,3.0517578125e-05,rbf,0.21299921691464369,0.015602964827293671,0.0,0.0
1.0,6.103515625e-05,rbf,0.21299921691464369,0.015602964827293671,0.0,0.0
1.0,0.0001220703125,rbf,0.21299921691464369,0.015602964827293671,0.0,0.0
1.0,0.000244140625,rbf,0.21299921691464369,0.015602964827293671,0.0,0.0
1.0,0.00048828125,rbf,0.21299921691464369,0.015602964827293671,0.0,0.0
1.0,0.0009765625,rbf,0.21299921691464369,0.015602964827293671,0.0,0.0
1.0,0.001953125,rbf,0.21456538762725136,0.014367445179830325,0.1725711635278854,0.0916039919071907
1.0,0.00390625,rbf,0.2278778386844166,0.012414197098356271,0.23329215701924255,0.06455342696237276
1.0,0.0078125,rbf,0.2529365700861394,0.017535041863035842,0.2734694437705135,0.0976398379329688
1.0,0.015625,rbf,0.2811276429130775,0.015398923935158463,0.3052491006120609,0.0739344746014388
1.0,0.03125,rbf,0.3007047768206735,0.0228464625996303,0.2976038882587887,0.045238266498824516
1.0,0.0625,rbf,0.3132341425215349,0.022163406016631724,0.2925639493481192,0.04709858745097616
1.0,0.125,rbf,0.3179326546593579,0.02752413875969717,0.30000892866468354,0.026870063481068757
1.0,0.25,rbf,0.3148003132341425,0.020309456918274068,0.3067700622392302,0.02114771105352168
1.0,0.5,rbf,0.3265465935787001,0.027542511808609633,0.3208439462358843,0.02546778704263817
1.0,1.0,rbf,0.32967893500391543,0.027171414345488736,0.3319533117431955,0.02848511398693285
1.0,2.0,rbf,0.3304620203602193,0.029401453909596233,0.3154903865851707,0.018224499348166938
1.0,4.0,rbf,0.3187157400156617,0.013070849488257432,0.3142537820522711,0.019547949830009254
1.0,8.0,rbf,0.2897415818324197,0.018049999534146783,0.2787517110709719,0.017939411215718654
1.0,16.0,rbf,0.2701644479248238,0.015590483901215722,0.2437030159430645,0.01535259594262793
1.0,32.0,rbf,0.2490211433046202,0.00855568997096074,0.18265305448213104,0.008918922879279591
1.0,64.0,rbf,0.22004698512137824,0.01383817467985565,0.15546048527189976,0.023031938305583102
1.0,128.0,rbf,0.21221613155833985,0.016166722773686016,0.17563252018802455,0.03329841846972033
1.0,256.0,rbf,0.21299921691464369,0.015602964827293671,0.03229384060278838,0.06465097145222322
1.0,512.0,rbf,0.21299921691464369,0.015602964827293671,0.03218795915818908,0.06443900105401923
1.0,1024.0,rbf,0.21299921691464369,0.015602964827293671,0.0,0.0
1.0,2048.0,rbf,0.21299921691464369,0.015602964827293671,0.0,0.0
1.0,4096.0,rbf,0.21299921691464369,0.015602964827293671,0.0,0.0
1.0,8192.0,rbf,0.21299921691464369,0.015602964827293671,0.0,0.0
1.0,16384.0,rbf,0.21299921691464369,0.015602964827293671,0.0,0.0
1.0,32768.0,rbf,0.21299921691464369,0.015602964827293671,0.0,0.0
2.0,3.0517578125e-05,rbf,0.21299921691464369,0.015602964827293671,0.0,0.0
2.0,6.103515625e-05,rbf,0.21299921691464369,0.015602964827293671,0.0,0.0
2.0,0.0001220703125,rbf,0.21299921691464369,0.015602964827293671,0.0,0.0
2.0,0.000244140625,rbf,0.21299921691464369,0.015602964827293671,0.0,0.0
2.0,0.00048828125,rbf,0.21299921691464369,0.015602964827293671,0.0,0.0
2.0,0.0009765625,rbf,0.21456538762725136,0.014367445179830325,0.1725711635278854,0.0916039919071907
2.0,0.001953125,rbf,0.2278778386844166,0.012414197098356271,0.2335961377621773,0.06435263551395054
2.0,0.00390625,rbf,0.2545027407987471,0.01623187632503046,0.2746954850691061,0.09815547939030736
2.0,0.0078125,rbf,0.2819107282693813,0.013323589078060713,0.3069255086152464,0.07190384563484388
2.0,0.015625,rbf,0.3014878621769773,0.027519605364669256,0.3018437126392699,0.04660799885399526
2.0,0.03125,rbf,0.307752545027408,0.01785872084275915,0.2823746630569985,0.049657371148870505
2.0,0.0625,rbf,0.3273296789350039,0.024409639958010536,0.3113424992649315,0.030365338287926525
2.0,0.125,rbf,0.32106499608457323,0.026014414540215813,0.31222766964563026,0.03045814960299405
2.0,0.25,rbf,0.3218480814408771,0.021901837550512917,0.3176321496873697,0.022547239069543444
2.0,0.5,rbf,0.3265465935787001,0.026455520073949024,0.3089938555432333,0.013434371322432135
2.0,1.0,rbf,0.3179326546593579,0.024017194007985118,0.3094183861424848,0.015127525257744688
2.0,2.0,rbf,0.3101018010963195,0.014040423292971558,0.29554009070399084,0.012562638123411516
2.0,4.0,rbf,0.29678935003915424,0.0184569075452892,0.2872026158669417,0.020082745203132368
2.0,8.0,rbf,0.27094753328112764,0.007653130861488864,0.25825021960820754,0.008797439680683533
2.0,16.0,rbf,0.2638997650743931,0.01583921657305851,0.2362995155933981,0.013448148668498642
2.0,32.0,rbf,0.2576350822239624,0.015146372991605803,0.205459619432892,0.014087113967018453
2.0,64.0,rbf,0.22004698512137824,0.015263961670821878,0.13979331968136874,0.02530884457659524
2.0,128.0,rbf,0.21299921691464369,0.015681187874016848,0.13821324149771466,0.02794811839124571
2.0,256.0,rbf,0.21299921691464369,0.015602964827293671,0.03229384060278838,0.06465097145222322
2.0,512.0,rbf,0.21299921691464369,0.015602964827293671,0.03218795915818908,0.06443900105401923
2.0,1024.0,rbf,0.21299921691464369,0.015602964827293671,0.0,0.0
2.0,2048.0,rbf,0.21299921691464369,0.015602964827293671,0.0,0.0
2.0,4096.0,rbf,0.21299921691464369,0.015602964827293671,0.0,0.0
2.0,8192.0,rbf,0.21299921691464369,0.015602964827293671,0.0,0.0
2.0,16384.0,rbf,0.21299921691464369,0.015602964827293671,0.0,0.0
2.0,32768.0,rbf,0.21299921691464369,0.015602964827293671,0.0,0.0
4.0,3.0517578125e-05,rbf,0.21299921691464369,0.015602964827293671,0.0,0.0
4.0,6.103515625e-05,rbf,0.21299921691464369,0.015602964827293671,0.0,0.0
4.0,0.0001220703125,rbf,0.21299921691464369,0.015602964827293671,0.0,0.0
4.0,0.000244140625,rbf,0.21299921691464369,0.015602964827293671,0.0,0.0
4.0,0.00048828125,rbf,0.21456538762725136,0.014367445179830325,0.1725711635278854,0.0916039919071907
4.0,0.0009765625,rbf,0.2270947533281128,0.012782033045452624,0.23119614678477035,0.06598927799175404
4.0,0.001953125,rbf,0.25606891151135475,0.015371289098641357,0.2779712526921522,0.09472076014608773
4.0,0.00390625,rbf,0.27956147220046984,0.01628250260479205,0.2826750211343268,0.0803083720133057
4.0,0.0078125,rbf,0.2983555207517619,0.022236863901658962,0.30037611427348804,0.044477177116464775
4.0,0.015625,rbf,0.312451057165231,0.024753882492065282,0.2866996892140816,0.05422536836415871
4.0,0.03125,rbf,0.32341425215348474,0.028256632742072407,0.30132870925965066,0.04050854335438688
4.0,0.0625,rbf,0.3249804228660924,0.03156426766480777,0.3145358105160185,0.036217109235316285
4.0,0.125,rbf,0.3226311667971809,0.01652838917938057,0.3184437836496974,0.01842380972575121
4.0,0.25,rbf,0.31714956930305405,0.02449839650126735,0.30076191116147744,0.009725404598612687
4.0,0.5,rbf,0.3194988253719656,0.020405127661490077,0.307970913692504,0.010038581789971813
4.0,1.0,rbf,0.3179326546593579,0.01627977151669905,0.3034392827132792,0.013460221577564015
4.0,2.0,rbf,0.29678935003915424,0.020679722574992777,0.28834412828621664,0.0220735304537882
4.0,4.0,rbf,0.2748629600626468,0.022851198556203132,0.2706081905753705,0.02344569643985272
4.0,8.0,rbf,0.26076742364917777,0.00650469730621863,0.2489790929785263,0.010070980799642104
4.0,16.0,rbf,0.2646828504306969,0.016884025379445014,0.2380961030915141,0.013043286730158024
4.0,32.0,rbf,0.2576350822239624,0.011716865016885871,0.20634745588871825,0.010955927947456371
4.0,64.0,rbf,0.22004698512137824,0.015263961670821878,0.13979331968136874,0.02530884457659524
4.0,128.0,rbf,0.21299921691464369,0.015681187874016848,0.13821324149771466,0.02794811839124571
4.0,256.0,rbf,0.21299921691464369,0.015602964827293671,0.03229384060278838,0.06465097145222322
4.0,512.0,rbf,0.21299921691464369,0.015602964827293671,0.03218795915818908,0.06443900105401923
4.0,1024.0,rbf,0.21299921691464369,0.015602964827293671,0.0,0.0
4.0,2048.0,rbf,0.21299921691464369,0.015602964827293671,0.0,0.0
4.0,4096.0,rbf,0.21299921691464369,0.015602964827293671,0.0,0.0
4.0,8192.0,rbf,0.21299921691464369,0.015602964827293671,0.0,0.0
4.0,16384.0,rbf,0.21299921691464369,0.015602964827293671,0.0,0.0
4.0,32768.0,rbf,0.21299921691464369,0.015602964827293671,0.0,0.0
8.0,3.0517578125e-05,rbf,0.21299921691464369,0.015602964827293671,0.0,0.0
8.0,6.103515625e-05,rbf,0.21299921691464369,0.015602964827293671,0.0,0.0
8.0,0.0001220703125,rbf,0.21299921691464369,0.015602964827293671,0.0,0.0
8.0,0.000244140625,rbf,0.21456538762725136,0.014367445179830325,0.1725711635278854,0.0916039919071907
8.0,0.00048828125,rbf,0.2270947533281128,0.012782033045452624,0.23119614678477035,0.06598927799175404
8.0,0.0009765625,rbf,0.2568519968676586,0.01430894350400576,0.2789943996537668,0.0936894645648575
8.0,0.001953125,rbf,0.27956147220046984,0.015900823853230696,0.2834167396816399,0.0822213186247958
8.0,0.00390625,rbf,0.3007047768206735,0.022927179449501667,0.3030538424768031,0.045424141688643935
8.0,0.0078125,rbf,0.3014878621769773,0.020812361082769758,0.2768633873364441,0.049524674618824566
8.0,0.015625,rbf,0.31714956930305405,0.027297922538707515,0.3050719568270069,0.04641672388449774
8.0,0.03125,rbf,0.3273296789350039,0.03243890312671981,0.31401146430757565,0.04036236126841072
8.0,0.0625,rbf,0.3218480814408771,0.019911094435094926,0.3182091545783239,0.025066257877545677
8.0,0.125,rbf,0.32106499608457323,0.02306557008420651,0.3137873762529219,0.020928187159399862
8.0,0.25,rbf,0.3194988253719656,0.019810946861604527,0.3046802911088973,0.012684984147410929
8.0,0.5,rbf,0.3265465935787001,0.011492853618915732,0.31844343265997405,0.004766733056693307
8.0,1.0,rbf,0.3108848864526233,0.01944268281129589,0.2973181909945344,0.016246859306345784
8.0,2.0,rbf,0.2936570086139389,0.020853120583070664,0.2870109214865156,0.02028713582485286
8.0,4.0,rbf,0.2615505090054816,0.0200384161852939,0.2540360007821637,0.019361469096626904
8.0,8.0,rbf,0.25606891151135475,0.007861915641493774,0.2439743210731285,0.007247878672613814
8.0,16.0,rbf,0.2646828504306969,0.015158947840387531,0.23860184420899114,0.012526671786714858
8.0,32.0,rbf,0.2576350822239624,0.011716865016885871,0.20634745588871825,0.010955927947456371
8.0,64.0,rbf,0.22004698512137824,0.015263961670821878,0.13979331968136874,0.02530884457659524
8.0,128.0,rbf,0.21299921691464369,0.015681187874016848,0.13821324149771466,0.02794811839124571
8.0,256.0,rbf,0.21299921691464369,0.015602964827293671,0.03229384060278838,0.06465097145222322
8.0,512.0,rbf,0.21299921691464369,0.015602964827293671,0.03218795915818908,0.06443900105401923
8.0,1024.0,rbf,0.21299921691464369,0.015602964827293671,0.0,0.0
8.0,2048.0,rbf,0.21299921691464369,0.015602964827293671,0.0,0.0
8.0,4096.0,rbf,0.21299921691464369,0.015602964827293671,0.0,0.0
8.0,8192.0,rbf,0.21299921691464369,0.015602964827293671,0.0,0.0
8.0,16384.0,rbf,0.21299921691464369,0.015602964827293671,0.0,0.0
8.0,32768.0,rbf,0.21299921691464369,0.015602964827293671,0.0,0.0
16.0,3.0517578125e-05,rbf,0.21299921691464369,0.015602964827293671,0.0,0.0
16.0,6.103515625e-05,rbf,0.21299921691464369,0.015602964827293671,0.0,0.0
16.0,0.0001220703125,rbf,0.21456538762725136,0.014367445179830325,0.1725711635278854,0.0916039919071907
16.0,0.000244140625,rbf,0.2270947533281128,0.012782033045452624,0.23119614678477035,0.06598927799175404
16.0,0.00048828125,rbf,0.2568519968676586,0.01430894350400576,0.2789943996537668,0.0936894645648575
16.0,0.0009765625,rbf,0.2803445575567737,0.01572838595005495,0.2842905609124765,0.0826537703867596
16.0,0.001953125,rbf,0.3007047768206735,0.02375739809325237,0.3169061800289197,0.05380027542787127
16.0,0.00390625,rbf,0.30462020360219266,0.021820266860905442,0.2793492287232891,0.04443613633862576
16.0,0.0078125,rbf,0.30618637431480034,0.028865479813493838,0.2943999017382847,0.05205621306800648
16.0,0.015625,rbf,0.3249804228660924,0.032812540429245786,0.3064237377289386,0.043210211417952164
16.0,0.03125,rbf,0.3335943617854346,0.027493248961507524,0.3285939826207341,0.032733255732813486
16.0,0.0625,rbf,0.3265465935787001,0.021999869611639283,0.32416024479754124,0.022766402904254086
16.0,0.125,rbf,0.3218480814408771,0.017841947165549297,0.30853841597650505,0.010257758476952723
16.0,0.25,rbf,0.3288958496476116,0.017156066122221085,0.3173755094450655,0.014802913967275348
16.0,0.5,rbf,0.307752545027408,0.017078274884320864,0.2988561757477255,0.009415456235956087
16.0,1.0,rbf,0.29287392325763506,0.02540991092530265,0.28525024457165643,0.024978295987977184
16.0,2.0,rbf,0.2701644479248238,0.01188052744381943,0.2652230675329917,0.013116902607644424
16.0,4.0,rbf,0.25998433829287393,0.01996272178602224,0.2532393723427824,0.01908612863333053
16.0,8.0,rbf,0.25606891151135475,0.010950677515537759,0.2439335296894816,0.01028375659280846
16.0,16.0,rbf,0.2646828504306969,0.015158947840387531,0.23860184420899114,0.012526671786714858
16.0,32.0,rbf,0.2576350822239624,0.011716865016885871,0.20634745588871825,0.010955927947456371
16.0,64.0,rbf,0.22004698512137824,0.015263961670821878,0.13979331968136874,0.02530884457659524
16.0,128.0,rbf,0.21299921691464369,0.015681187874016848,0.13821324149771466,0.02794811839124571
16.0,256.0,rbf,0.21299921691464369,0.015602964827293671,0.03229384060278838,0.06465097145222322
16.0,512.0,rbf,0.21299921691464369,0.015602964827293671,0.03218795915818908,0.06443900105401923
16.0,1024.0,rbf,0.21299921691464369,0.015602964827293671,0.0,0.0
16.0,2048.0,rbf,0.21299921691464369,0.015602964827293671,0.0,0.0
16.0,4096.0,rbf,0.21299921691464369,0.015602964827293671,0.0,0.0
16.0,8192.0,rbf,0.21299921691464369,0.015602964827293671,0.0,0.0
16.0,16384.0,rbf,0.21299921691464369,0.015602964827293671,0.0,0.0
16.0,32768.0,rbf,0.21299921691464369,0.015602964827293671,0.0,0.0
32.0,3.0517578125e-05,rbf,0.21299921691464369,0.015602964827293671,0.0,0.0
32.0,6.103515625e-05,rbf,0.21456538762725136,0.014367445179830325,0.1725711635278854,0.0916039919071907
32.0,0.0001220703125,rbf,0.2270947533281128,0.012782033045452624,0.23119614678477035,0.06598927799175404
32.0,0.000244140625,rbf,0.2568519968676586,0.01430894350400576,0.2789943996537668,0.0936894645648575
32.0,0.00048828125,rbf,0.2803445575567737,0.01572838595005495,0.2845025230339733,0.08275354332587913
32.0,0.0009765625,rbf,0.3007047768206735,0.02375739809325237,0.31690589205185743,0.0538001041311834
32.0,0.001953125,rbf,0.30462020360219266,0.01922720406225022,0.2784333931560582,0.043720199009277184
32.0,0.00390625,rbf,0.3101018010963195,0.02973759362528136,0.2957185757052417,0.05371143730260745
32.0,0.0078125,rbf,0.3132341425215349,0.028825985141196237,0.2901593545612276,0.04196234059155625
32.0,0.015625,rbf,0.32341425215348474,0.030084346368758674,0.30941876090093856,0.036876354638929486
32.0,0.03125,rbf,0.3265465935787001,0.017844896357387098,0.3238408492900832,0.02210095585547377
32.0,0.0625,rbf,0.3265465935787001,0.02044840727934655,0.320280349135436,0.014466969187811587
32.0,0.125,rbf,0.3148003132341425,0.014576699974999913,0.3022548158326945,0.01889754493150151
32.0,0.25,rbf,0.3241973375097886,0.010606830312054788,0.306302903870393,0.010364547550681577
32.0,0.5,rbf,0.3116679718089272,0.024062012099591776,0.29812830495454945,0.02407919591433143
32.0,1.0,rbf,0.29052466718872355,0.022173383710456712,0.28533121816539103,0.02401832820784458
32.0,2.0,rbf,0.2513703993735317,0.014291455973764581,0.246149575845793,0.014672274915337518
32.0,4.0,rbf,0.26076742364917777,0.019042970963924325,0.2548980472920697,0.017666320935597245
32.0,8.0,rbf,0.25606891151135475,0.010950677515537759,0.2439514515734302,0.010268255166217792
32.0,16.0,rbf,0.2646828504306969,0.015158947840387531,0.23860184420899114,0.012526671786714858
32.0,32.0,rbf,0.2576350822239624,0.011716865016885871,0.20634745588871825,0.010955927947456371
32.0,64.0,rbf,0.22004698512137824,0.015263961670821878,0.13979331968136874,0.02530884457659524
32.0,128.0,rbf,0.21299921691464369,0.015681187874016848,0.13821324149771466,0.02794811839124571
32.0,256.0,rbf,0.21299921691464369,0.015602964827293671,0.03229384060278838,0.06465097145222322
32.0,512.0,rbf,0.21299921691464369,0.015602964827293671,0.03218795915818908,0.06443900105401923
32.0,1024.0,rbf,0.21299921691464369,0.015602964827293671,0.0,0.0
32.0,2048.0,rbf,0.21299921691464369,0.015602964827293671,0.0,0.0
32.0,4096.0,rbf,0.21299921691464369,0.015602964827293671,0.0,0.0
32.0,8192.0,rbf,0.21299921691464369,0.015602964827293671,0.0,0.0
32.0,16384.0,rbf,0.21299921691464369,0.015602964827293671,0.0,0.0
32.0,32768.0,rbf,0.21299921691464369,0.015602964827293671,0.0,0.0
64.0,3.0517578125e-05,rbf,0.21456538762725136,0.014367445179830325,0.1725711635278854,0.0916039919071907
64.0,6.103515625e-05,rbf,0.2270947533281128,0.012782033045452624,0.23119614678477035,0.06598927799175404
64.0,0.0001220703125,rbf,0.2568519968676586,0.01430894350400576,0.2789943996537668,0.0936894645648575
64.0,0.000244140625,rbf,0.2803445575567737,0.01572838595005495,0.28449739240337496,0.0827604463724808
64.0,0.00048828125,rbf,0.3014878621769773,0.024982301735198418,0.3179813291923825,0.055087047609045606
64.0,0.0009765625,rbf,0.3054032889584965,0.02057315204644303,0.2790997801879405,0.04449823244425336
64.0,0.001953125,rbf,0.3132341425215349,0.0255745860963668,0.3007470943118727,0.05063117991920541
64.0,0.00390625,rbf,0.30853563038371185,0.03579381119923762,0.29788488020826115,0.05582575574014559
64.0,0.0078125,rbf,0.3148003132341425,0.03136803486035108,0.294553331050938,0.04118790553358705
64.0,0.015625,rbf,0.3304620203602193,0.02588377288086862,0.3236398021247145,0.029717423933668757
64.0,0.03125,rbf,0.32576350822239625,0.01667369624060521,0.3244352794688684,0.016106679874438017
64.0,0.0625,rbf,0.3163664839467502,0.01724067314330754,0.31242266138132346,0.016997168092321758
64.0,0.125,rbf,0.3140172278778387,0.01571415308919495,0.30328527457855664,0.02178349665000581
64.0,0.25,rbf,0.3194988253719656,0.010907315843188959,0.3040920087862286,0.009476638862480057
64.0,0.5,rbf,0.3038371182458888,0.031433765599490765,0.2950991856297132,0.03284871438034829
64.0,1.0,rbf,0.27329678935003915,0.025666051908979397,0.26787732730171,0.02637411355977145
64.0,2.0,rbf,0.2545027407987471,0.02009449172853988,0.2514516086469024,0.021306594964107663
64.0,4.0,rbf,0.2615505090054816,0.02074752948525505,0.2566576619509905,0.020177506928280832
64.0,8.0,rbf,0.25606891151135475,0.010950677515537759,0.2439514515734302,0.010268255166217792
64.0,16.0,rbf,0.2646828504306969,0.015158947840387531,0.23860184420899114,0.012526671786714858
64.0,32.0,rbf,0.2576350822239624,0.011716865016885871,0.20634745588871825,0.010955927947456371
64.0,64.0,rbf,0.22004698512137824,0.015263961670821878,0.13979331968136874,0.02530884457659524
64.0,128.0,rbf,0.21299921691464369,0.015681187874016848,0.13821324149771466,0.02794811839124571
64.0,256.0,rbf,0.21299921691464369,0.015602964827293671,0.03229384060278838,0.06465097145222322
64.0,512.0,rbf,0.21299921691464369,0.015602964827293671,0.03218795915818908,0.06443900105401923
64.0,1024.0,rbf,0.21299921691464369,0.015602964827293671,0.0,0.0
64.0,2048.0,rbf,0.21299921691464369,0.015602964827293671,0.0,0.0
64.0,4096.0,rbf,0.21299921691464369,0.015602964827293671,0.0,0.0
64.0,8192.0,rbf,0.21299921691464369,0.015602964827293671,0.0,0.0
64.0,16384.0,rbf,0.21299921691464369,0.015602964827293671,0.0,0.0
64.0,32768.0,rbf,0.21299921691464369,0.015602964827293671,0.0,0.0
128.0,3.0517578125e-05,rbf,0.2270947533281128,0.012782033045452624,0.23119614678477035,0.06598927799175404
128.0,6.103515625e-05,rbf,0.2568519968676586,0.01430894350400576,0.2789943996537668,0.0936894645648575
128.0,0.0001220703125,rbf,0.2803445575567737,0.01572838595005495,0.284504953032686,0.08276062973573649
128.0,0.000244140625,rbf,0.3014878621769773,0.026182701528040336,0.3181764189433447,0.05583919331611963
128.0,0.00048828125,rbf,0.307752545027408,0.020525447873438338,0.2817074831441312,0.043568988848575865
128.0,0.0009765625,rbf,0.3155833985904464,0.02621122591806559,0.3037405312065108,0.050682060604300264
128.0,0.001953125,rbf,0.3116679718089272,0.025090689370415645,0.3023208134539072,0.047544492320297005
128.0,0.00390625,rbf,0.3132341425215349,0.02818783744259718,0.28861759548879234,0.04169051142527193
128.0,0.0078125,rbf,0.3273296789350039,0.030276756660048736,0.3129972790508855,0.038307798010772685
128.0,0.015625,rbf,0.32341425215348474,0.01644039315093611,0.32144569699654874,0.02052851892061614
128.0,0.03125,rbf,0.3241973375097886,0.015592146794526009,0.32408585242531585,0.015634437073683827
128.0,0.0625,rbf,0.3202819107282694,0.015067879699852878,0.3079442930726356,0.02101076826487296
128.0,0.125,rbf,0.3359436178543461,0.011970203501729624,0.3286147903102662,0.01999270831852793
128.0,0.25,rbf,0.3155833985904464,0.014467892245876515,0.3015156774164272,0.016398047841762242
128.0,0.5,rbf,0.30462020360219266,0.03063536962911598,0.2974143504449279,0.031605994704558785
128.0,1.0,rbf,0.2615505090054816,0.025647928597714368,0.258148501684695,0.028238189900742307
128.0,2.0,rbf,0.2529365700861394,0.013423499370899504,0.248007969621842,0.013339698409076513
128.0,4.0,rbf,0.2592012529365701,0.018101942639562187,0.2545499169400993,0.018117418851888185
128.0,8.0,rbf,0.25606891151135475,0.010950677515537759,0.2439514515734302,0.010268255166217792
128.0,16.0,rbf,0.2646828504306969,0.015158947840387531,0.23860184420899114,0.012526671786714858
128.0,32.0,rbf,0.2576350822239624,0.011716865016885871,0.20634745588871825,0.010955927947456371
128.0,64.0,rbf,0.22004698512137824,0.015263961670821878,0.13979331968136874,0.02530884457659524
128.0,128.0,rbf,0.21299921691464369,0.015681187874016848,0.13821324149771466,0.02794811839124571
128.0,256.0,rbf,0.21299921691464369,0.015602964827293671,0.03229384060278838,0.06465097145222322
128.0,512.0,rbf,0.21299921691464369,0.015602964827293671,0.03218795915818908,0.06443900105401923
128.0,1024.0,rbf,0.21299921691464369,0.015602964827293671,0.0,0.0
128.0,2048.0,rbf,0.21299921691464369,0.015602964827293671,0.0,0.0
128.0,4096.0,rbf,0.21299921691464369,0.015602964827293671,0.0,0.0
128.0,8192.0,rbf,0.21299921691464369,0.015602964827293671,0.0,0.0
128.0,16384.0,rbf,0.21299921691464369,0.015602964827293671,0.0,0.0
128.0,32768.0,rbf,0.21299921691464369,0.015602964827293671,0.0,0.0
256.0,3.0517578125e-05,rbf,0.2568519968676586,0.01430894350400576,0.2789943996537668,0.0936894645648575
256.0,6.103515625e-05,rbf,0.2803445575567737,0.01572838595005495,0.284504953032686,0.08276062973573649
256.0,0.0001220703125,rbf,0.3014878621769773,0.026182701528040336,0.3181764189433447,0.05583919331611963
256.0,0.000244140625,rbf,0.30853563038371185,0.020363713430798246,0.2828120279240521,0.04521102045469468
256.0,0.00048828125,rbf,0.3155833985904464,0.024850769159470303,0.30400334351333475,0.050329406147965036
256.0,0.0009765625,rbf,0.3148003132341425,0.02104764435944486,0.3055362384708121,0.04305425400704573
256.0,0.001953125,rbf,0.3108848864526233,0.0233565229872962,0.28569619129364704,0.029179207150508712
256.0,0.00390625,rbf,0.3187157400156617,0.03061487067423209,0.29942580151137593,0.036608698570447226
256.0,0.0078125,rbf,0.3241973375097886,0.02617258226359628,0.31654757016932483,0.029249710579340563
256.0,0.015625,rbf,0.3241973375097886,0.01837274934940953,0.3243910835618457,0.018227971975305297
256.0,0.03125,rbf,0.3187157400156617,0.012291380709737829,0.3143675350714061,0.010005532901828438
256.0,0.0625,rbf,0.32106499608457323,0.01082007640155054,0.3096105607359576,0.014534055745309525
256.0,0.125,rbf,0.3320281910728269,0.008581269130043322,0.3151373327347755,0.007898236224031033
256.0,0.25,rbf,0.3054032889584965,0.023214091153018174,0.2928796962858355,0.0247589221989634
256.0,0.5,rbf,0.28817541111981204,0.011295756283731272,0.2826861778750045,0.01528265119344171
256.0,1.0,rbf,0.25998433829287393,0.027714195762881928,0.2560483663304441,0.030768666652021836
256.0,2.0,rbf,0.2529365700861394,0.014674808488068847,0.2499114022582086,0.01491525075249419
256.0,4.0,rbf,0.2592012529365701,0.018101942639562187,0.2545499169400993,0.018117418851888185
256.0,8.0,rbf,0.25606891151135475,0.010950677515537759,0.2439514515734302,0.010268255166217792
256.0,16.0,rbf,0.2646828504306969,0.015158947840387531,0.23860184420899114,0.012526671786714858
256.0,32.0,rbf,0.2576350822239624,0.011716865016885871,0.20634745588871825,0.010955927947456371
256.0,64.0,rbf,0.22004698512137824,0.015263961670821878,0.13979331968136874,0.02530884457659524
256.0,128.0,rbf,0.21299921691464369,0.015681187874016848,0.13821324149771466,0.02794811839124571
256.0,256.0,rbf,0.21299921691464369,0.015602964827293671,0.03229384060278838,0.06465097145222322
256.0,512.0,rbf,0.21299921691464369,0.015602964827293671,0.03218795915818908,0.06443900105401923
256.0,1024.0,rbf,0.21299921691464369,0.015602964827293671,0.0,0.0
256.0,2048.0,rbf,0.21299921691464369,0.015602964827293671,0.0,0.0
256.0,4096.0,rbf,0.21299921691464369,0.015602964827293671,0.0,0.0
256.0,8192.0,rbf,0.21299921691464369,0.015602964827293671,0.0,0.0
256.0,16384.0,rbf,0.21299921691464369,0.015602964827293671,0.0,0.0
256.0,32768.0,rbf,0.21299921691464369,0.015602964827293671,0.0,0.0
512.0,3.0517578125e-05,rbf,0.2803445575567737,0.01572838595005495,0.28449739240337496,0.0827604463724808
512.0,6.103515625e-05,rbf,0.3014878621769773,0.026182701528040336,0.3181764189433447,0.05583919331611963
512.0,0.0001220703125,rbf,0.307752545027408,0.021115430237918755,0.2818013162059179,0.04597694698448833
512.0,0.000244140625,rbf,0.3155833985904464,0.02621122591806559,0.3033095062107354,0.051650332253404686
512.0,0.00048828125,rbf,0.312451057165231,0.02228343450263293,0.3028737027935793,0.04283721442300466
512.0,0.0009765625,rbf,0.3148003132341425,0.02138210363846625,0.3047191936676876,0.039328822407734235
512.0,0.001953125,rbf,0.3179326546593579,0.029027648786654224,0.2940296898946408,0.038117798028166984
512.0,0.00390625,rbf,0.32811276429130776,0.035833472654919415,0.3148098991493365,0.04342426862769838
512.0,0.0078125,rbf,0.32811276429130776,0.016850771905528875,0.32601968313957963,0.020513264823701964
512.0,0.015625,rbf,0.32576350822239625,0.01262195611687573,0.3249646652107193,0.014410088865575066
512.0,0.03125,rbf,0.3241973375097886,0.014940348769285553,0.3124073580431645,0.0171356917447427
512.0,0.0625,rbf,0.32967893500391543,0.01300189986538533,0.3202178782956805,0.021050476108995214
512.0,0.125,rbf,0.32576350822239625,0.01141157213490587,0.3108515039176745,0.011323684643931136
512.0,0.25,rbf,0.30462020360219266,0.022212293708022714,0.2965702488399471,0.024645931397925203
512.0,0.5,rbf,0.27877838684416606,0.0186010923486017,0.27372715491377353,0.021546674928819967
512.0,1.0,rbf,0.2545027407987471,0.03361728511089601,0.2509163315250468,0.03562557737472352
512.0,2.0,rbf,0.2521534847298356,0.02162102972463958,0.24960310485059345,0.022612034144715756
512.0,4.0,rbf,0.2592012529365701,0.018101942639562187,0.2545499169400993,0.018117418851888185
512.0,8.0,rbf,0.25606891151135475,0.010950677515537759,0.2439514515734302,0.010268255166217792
512.0,16.0,rbf,0.2646828504306969,0.015158947840387531,0.23860184420899114,0.012526671786714858
512.0,32.0,rbf,0.2576350822239624,0.011716865016885871,0.20634745588871825,0.010955927947456371
512.0,64.0,rbf,0.22004698512137824,0.015263961670821878,0.13979331968136874,0.02530884457659524
512.0,128.0,rbf,0.21299921691464369,0.015681187874016848,0.13821324149771466,0.02794811839124571
512.0,256.0,rbf,0.21299921691464369,0.015602964827293671,0.03229384060278838,0.06465097145222322
512.0,512.0,rbf,0.21299921691464369,0.015602964827293671,0.03218795915818908,0.06443900105401923
512.0,1024.0,rbf,0.21299921691464369,0.015602964827293671,0.0,0.0
512.0,2048.0,rbf,0.21299921691464369,0.015602964827293671,0.0,0.0
512.0,4096.0,rbf,0.21299921691464369,0.015602964827293671,0.0,0.0
512.0,8192.0,rbf,0.21299921691464369,0.015602964827293671,0.0,0.0
512.0,16384.0,rbf,0.21299921691464369,0.015602964827293671,0.0,0.0
512.0,32768.0,rbf,0.21299921691464369,0.015602964827293671,0.0,0.0
1024.0,3.0517578125e-05,rbf,0.3014878621769773,0.026182701528040336,0.3181764189433447,0.05583919331611963
1024.0,6.103515625e-05,rbf,0.307752545027408,0.021115430237918755,0.2818013162059179,0.04597694698448833
1024.0,0.0001220703125,rbf,0.3148003132341425,0.025723270330063133,0.30194129154243976,0.04979959407536722
1024.0,0.000244140625,rbf,0.3101018010963195,0.019792756988594756,0.3002062411200208,0.04121219700510946
1024.0,0.00048828125,rbf,0.30618637431480034,0.016395178442407444,0.29632784390043243,0.0405400392172268
1024.0,0.0009765625,rbf,0.3148003132341425,0.023181592505944763,0.2903270592059337,0.031966306823214434
1024.0,0.001953125,rbf,0.3202819107282694,0.02598814644943774,0.300933650534029,0.032132617386828884
1024.0,0.00390625,rbf,0.3249804228660924,0.027285074935195008,0.3167396104142485,0.03102256578178053
1024.0,0.0078125,rbf,0.3288958496476116,0.015869137051954498,0.3289945415632783,0.015025647059337715
1024.0,0.015625,rbf,0.3241973375097886,0.009812570374528715,0.32589516158812104,0.00923107603662088
1024.0,0.03125,rbf,0.3265465935787001,0.016612501899716598,0.3148248480992553,0.0163823294110278
1024.0,0.0625,rbf,0.34142521534847303,0.006680331525668407,0.3284888439368667,0.018000361412040197
1024.0,0.125,rbf,0.3163664839467502,0.007694692534390896,0.3014831794197545,0.0097932228963091
1024.0,0.25,rbf,0.2975724353954581,0.022716176683069723,0.29031163144712857,0.024649702032697472
1024.0,0.5,rbf,0.25606891151135475,0.029816163470743014,0.2520952179982919,0.03249456647954135
1024.0,1.0,rbf,0.24980422866092405,0.029555359910720957,0.2452889775824775,0.033113833966801856
1024.0,2.0,rbf,0.2513703993735317,0.021720126377978464,0.2489501276833434,0.02292342967207513
1024.0,4.0,rbf,0.2592012529365701,0.018101942639562187,0.2545499169400993,0.018117418851888185
1024.0,8.0,rbf,0.25606891151135475,0.010950677515537759,0.2439514515734302,0.010268255166217792
1024.0,16.0,rbf,0.2646828504306969,0.015158947840387531,0.23860184420899114,0.012526671786714858
1024.0,32.0,rbf,0.2576350822239624,0.011716865016885871,0.20634745588871825,0.010955927947456371
1024.0,64.0,rbf,0.22004698512137824,0.015263961670821878,0.13979331968136874,0.02530884457659524
1024.0,128.0,rbf,0.21299921691464369,0.015681187874016848,0.13821324149771466,0.02794811839124571
1024.0,256.0,rbf,0.21299921691464369,0.015602964827293671,0.03229384060278838,0.06465097145222322
1024.0,512.0,rbf,0.21299921691464369,0.015602964827293671,0.03218795915818908,0.06443900105401923
1024.0,1024.0,rbf,0.21299921691464369,0.015602964827293671,0.0,0.0
1024.0,2048.0,rbf,0.21299921691464369,0.015602964827293671,0.0,0.0
1024.0,4096.0,rbf,0.21299921691464369,0.015602964827293671,0.0,0.0
1024.0,8192.0,rbf,0.21299921691464369,0.015602964827293671,0.0,0.0
1024.0,16384.0,rbf,0.21299921691464369,0.015602964827293671,0.0,0.0
1024.0,32768.0,rbf,0.21299921691464369,0.015602964827293671,0.0,0.0
2048.0,3.0517578125e-05,rbf,0.30853563038371185,0.020363713430798246,0.2828120279240521,0.04521102045469468
2048.0,6.103515625e-05,rbf,0.3148003132341425,0.025723270330063133,0.3019356537738587,0.04976895524599188
2048.0,0.0001220703125,rbf,0.3108848864526233,0.019166785094603227,0.3017970737509741,0.03980602665234929
2048.0,0.000244140625,rbf,0.307752545027408,0.017171440065372422,0.2980938075708521,0.03929883963485499
2048.0,0.00048828125,rbf,0.307752545027408,0.017804566478661552,0.29895520202002296,0.039311502365920924
2048.0,0.0009765625,rbf,0.3194988253719656,0.03224690005723905,0.2961609045906219,0.039904132684045225
2048.0,0.001953125,rbf,0.3288958496476116,0.03508917223897967,0.31577294648055,0.04258414892215863
2048.0,0.00390625,rbf,0.3288958496476116,0.011981964798520992,0.3259538624265448,0.014212798242281813
2048.0,0.0078125,rbf,0.32106499608457323,0.0065857347466970785,0.3205514389540101,0.007080602384338894
2048.0,0.015625,rbf,0.3249804228660924,0.015016701660996709,0.3230924283655957,0.012167928223859377
2048.0,0.03125,rbf,0.3249804228660924,0.013742859144139278,0.31442937785371505,0.021274306950039287
2048.0,0.0625,rbf,0.3265465935787001,0.0019159128376322165,0.30995308155454937,0.0045315759268694435
2048.0,0.125,rbf,0.3148003132341425,0.014416165042790488,0.30305438139648244,0.015259437218858024
2048.0,0.25,rbf,0.29287392325763506,0.01710670587444601,0.2888834729226446,0.019426396806712237
2048.0,0.5,rbf,0.26076742364917777,0.034792202872893814,0.2567592476288317,0.03856052306694286
2048.0,1.0,rbf,0.2552858261550509,0.02579148974917041,0.2504425176635616,0.02966403164020578
2048.0,2.0,rbf,0.2513703993735317,0.021720126377978464,0.2489501276833434,0.02292342967207513
2048.0,4.0,rbf,0.2592012529365701,0.018101942639562187,0.2545499169400993,0.018117418851888185
2048.0,8.0,rbf,0.25606891151135475,0.010950677515537759,0.2439514515734302,0.010268255166217792
2048.0,16.0,rbf,0.2646828504306969,0.015158947840387531,0.23860184420899114,0.012526671786714858
2048.0,32.0,rbf,0.2576350822239624,0.011716865016885871,0.20634745588871825,0.010955927947456371
2048.0,64.0,rbf,0.22004698512137824,0.015263961670821878,0.13979331968136874,0.02530884457659524
2048.0,128.0,rbf,0.21299921691464369,0.015681187874016848,0.13821324149771466,0.02794811839124571
2048.0,256.0,rbf,0.21299921691464369,0.015602964827293671,0.03229384060278838,0.06465097145222322
2048.0,512.0,rbf,0.21299921691464369,0.015602964827293671,0.03218795915818908,0.06443900105401923
2048.0,1024.0,rbf,0.21299921691464369,0.015602964827293671,0.0,0.0
2048.0,2048.0,rbf,0.21299921691464369,0.015602964827293671,0.0,0.0
2048.0,4096.0,rbf,0.21299921691464369,0.015602964827293671,0.0,0.0
2048.0,8192.0,rbf,0.21299921691464369,0.015602964827293671,0.0,0.0
2048.0,16384.0,rbf,0.21299921691464369,0.015602964827293671,0.0,0.0
2048.0,32768.0,rbf,0.21299921691464369,0.015602964827293671,0.0,0.0
4096.0,3.0517578125e-05,rbf,0.3148003132341425,0.025723270330063133,0.301950350193232,0.04978980762641105
4096.0,6.103515625e-05,rbf,0.3108848864526233,0.017957321578656725,0.3019176065843423,0.03945635617136335
4096.0,0.0001220703125,rbf,0.30618637431480034,0.01896212131466447,0.2956217508727009,0.03973903027685957
4096.0,0.000244140625,rbf,0.30853563038371185,0.01912239564400001,0.3000440117905593,0.03962336282382408
4096.0,0.00048828125,rbf,0.3132341425215349,0.02253696319128053,0.29029023511069696,0.029584166377581895
4096.0,0.0009765625,rbf,0.3249804228660924,0.033487059069314686,0.30655621390716165,0.042536247257711005
4096.0,0.001953125,rbf,0.3265465935787001,0.0246220102289818,0.31856790231714865,0.029528892251879883
4096.0,0.00390625,rbf,0.3304620203602193,0.009248495639888749,0.3296239752320738,0.009840585609330241
4096.0,0.0078125,rbf,0.3249804228660924,0.010626420517458796,0.3273083298393578,0.01066490222329185
4096.0,0.015625,rbf,0.32576350822239625,0.014000746490565392,0.31861314145667474,0.022425136633350315
4096.0,0.03125,rbf,0.32811276429130776,0.013267342072579486,0.31608399491006894,0.015031261041259441
4096.0,0.0625,rbf,0.3241973375097886,0.02151822278246841,0.3088038548550396,0.02024013046145556
4096.0,0.125,rbf,0.2999216914643696,0.02490006454987481,0.2903587292841412,0.02550760540793944
4096.0,0.25,rbf,0.26938136256852,0.02208936194682548,0.2634083882992096,0.024176674071349796
4096.0,0.5,rbf,0.24980422866092405,0.031984353580709966,0.2456749931091179,0.03491922202399808
4096.0,1.0,rbf,0.2521534847298356,0.02274158068086325,0.24767205985216276,0.027196439541117737
4096.0,2.0,rbf,0.2513703993735317,0.021720126377978464,0.2489501276833434,0.02292342967207513
4096.0,4.0,rbf,0.2592012529365701,0.018101942639562187,0.2545499169400993,0.018117418851888185
4096.0,8.0,rbf,0.25606891151135475,0.010950677515537759,0.2439514515734302,0.010268255166217792
4096.0,16.0,rbf,0.2646828504306969,0.015158947840387531,0.23860184420899114,0.012526671786714858
4096.0,32.0,rbf,0.2576350822239624,0.011716865016885871,0.20634745588871825,0.010955927947456371
4096.0,64.0,rbf,0.22004698512137824,0.015263961670821878,0.13979331968136874,0.02530884457659524
4096.0,128.0,rbf,0.21299921691464369,0.015681187874016848,0.13821324149771466,0.02794811839124571
4096.0,256.0,rbf,0.21299921691464369,0.015602964827293671,0.03229384060278838,0.06465097145222322
4096.0,512.0,rbf,0.21299921691464369,0.015602964827293671,0.03218795915818908,0.06443900105401923
4096.0,1024.0,rbf,0.21299921691464369,0.015602964827293671,0.0,0.0
4096.0,2048.0,rbf,0.21299921691464369,0.015602964827293671,0.0,0.0
4096.0,4096.0,rbf,0.21299921691464369,0.015602964827293671,0.0,0.0
4096.0,8192.0,rbf,0.21299921691464369,0.015602964827293671,0.0,0.0
4096.0,16384.0,rbf,0.21299921691464369,0.015602964827293671,0.0,0.0
4096.0,32768.0,rbf,0.21299921691464369,0.015602964827293671,0.0,0.0
8192.0,3.0517578125e-05,rbf,0.3116679718089272,0.02145362590770133,0.3017167781470725,0.038806942409462405
8192.0,6.103515625e-05,rbf,0.307752545027408,0.017345899859105517,0.2976256675973678,0.04173462640995463
8192.0,0.0001220703125,rbf,0.3093187157400157,0.016747462849579734,0.3029468816121259,0.0367772092947007
8192.0,0.000244140625,rbf,0.3093187157400157,0.01940988792866241,0.30286348948219105,0.041287709899920505
8192.0,0.00048828125,rbf,0.3218480814408771,0.023796052806931874,0.300087529990212,0.034262522834115336
8192.0,0.0009765625,rbf,0.3304620203602193,0.02929743390546045,0.3186483957384711,0.03672702500758729
8192.0,0.001953125,rbf,0.32967893500391543,0.014845584981589784,0.326855991829182,0.018598892646180545
8192.0,0.00390625,rbf,0.32576350822239625,0.004250095949257106,0.3261390204187525,0.006406399787696413
8192.0,0.0078125,rbf,0.32106499608457323,0.007859608664785191,0.3240151440133285,0.007247461852940187
8192.0,0.015625,rbf,0.33437744714173845,0.017615124699596887,0.32850549845798,0.019210046556221487
8192.0,0.03125,rbf,0.3328112764291308,0.013038088107493791,0.3236984058393085,0.01815203622158109
8192.0,0.0625,rbf,0.32341425215348474,0.011461380812493592,0.30970258421024144,0.012691168159347585
8192.0,0.125,rbf,0.2960062646828504,0.019284782873868717,0.28875974168185536,0.021943791833607104
8192.0,0.25,rbf,0.2638997650743931,0.02329288484589933,0.2586332386118888,0.026203452742581613
8192.0,0.5,rbf,0.2545027407987471,0.030475768661065567,0.2511103504592552,0.032637629182778884
8192.0,1.0,rbf,0.2474549725920125,0.019862180207773732,0.24295011156882484,0.02463531587329257
8192.0,2.0,rbf,0.2513703993735317,0.021720126377978464,0.2489501276833434,0.02292342967207513
8192.0,4.0,rbf,0.2592012529365701,0.018101942639562187,0.2545499169400993,0.018117418851888185
8192.0,8.0,rbf,0.25606891151135475,0.010950677515537759,0.2439514515734302,0.010268255166217792
8192.0,16.0,rbf,0.2646828504306969,0.015158947840387531,0.23860184420899114,0.012526671786714858
8192.0,32.0,rbf,0.2576350822239624,0.011716865016885871,0.20634745588871825,0.010955927947456371
8192.0,64.0,rbf,0.22004698512137824,0.015263961670821878,0.13979331968136874,0.02530884457659524
8192.0,128.0,rbf,0.21299921691464369,0.015681187874016848,0.13821324149771466,0.02794811839124571
8192.0,256.0,rbf,0.21299921691464369,0.015602964827293671,0.03229384060278838,0.06465097145222322
8192.0,512.0,rbf,0.21299921691464369,0.015602964827293671,0.03218795915818908,0.06443900105401923
8192.0,1024.0,rbf,0.21299921691464369,0.015602964827293671,0.0,0.0
8192.0,2048.0,rbf,0.21299921691464369,0.015602964827293671,0.0,0.0
8192.0,4096.0,rbf,0.21299921691464369,0.015602964827293671,0.0,0.0
8192.0,8192.0,rbf,0.21299921691464369,0.015602964827293671,0.0,0.0
8192.0,16384.0,rbf,0.21299921691464369,0.015602964827293671,0.0,0.0
8192.0,32768.0,rbf,0.21299921691464369,0.015602964827293671,0.0,0.0
16384.0,3.0517578125e-05,rbf,0.30618637431480034,0.016670533372407568,0.2948097992356861,0.039616134747465545
16384.0,6.103515625e-05,rbf,0.3101018010963195,0.018575295742140587,0.3031211089952452,0.03844253333439383
16384.0,0.0001220703125,rbf,0.30853563038371185,0.022113225936254144,0.3022961330098953,0.041228612554723695
16384.0,0.000244140625,rbf,0.3140172278778387,0.017337237175258802,0.2936087591570891,0.02577777608349925
16384.0,0.00048828125,rbf,0.32811276429130776,0.027470919694939,0.31223429094311217,0.035458709193742034
16384.0,0.0009765625,rbf,0.32106499608457323,0.02211369724840336,0.3134785825073425,0.025446897277934043
16384.0,0.001953125,rbf,0.32811276429130776,0.013417934128275563,0.32723233113399397,0.014850622409016509
16384.0,0.00390625,rbf,0.3249804228660924,0.007860200261823895,0.3270889558946015,0.00764761871400357
16384.0,0.0078125,rbf,0.3273296789350039,0.012648611852142073,0.3256353178520926,0.010204640671651664
16384.0,0.015625,rbf,0.32811276429130776,0.01247515602509344,0.3151211281943296,0.019049173343864943
16384.0,0.03125,rbf,0.3241973375097886,0.012857306457060005,0.3145223571285444,0.02195864926028658
16384.0,0.0625,rbf,0.3218480814408771,0.014277927987937391,0.3074286463515604,0.01563861332961334
16384.0,0.125,rbf,0.2858261550509005,0.017501458069410968,0.2811402247349701,0.021869283673264774
16384.0,0.25,rbf,0.2631166797180893,0.018379931769588208,0.2593565772331927,0.021975689573268592
16384.0,0.5,rbf,0.2552858261550509,0.03338256134572467,0.25127045118002106,0.03526000892849473
16384.0,1.0,rbf,0.2474549725920125,0.019862180207773732,0.24295011156882484,0.02463531587329257
16384.0,2.0,rbf,0.2513703993735317,0.021720126377978464,0.2489501276833434,0.02292342967207513
16384.0,4.0,rbf,0.2592012529365701,0.018101942639562187,0.2545499169400993,0.018117418851888185
16384.0,8.0,rbf,0.25606891151135475,0.010950677515537759,0.2439514515734302,0.010268255166217792
16384.0,16.0,rbf,0.2646828504306969,0.015158947840387531,0.23860184420899114,0.012526671786714858
16384.0,32.0,rbf,0.2576350822239624,0.011716865016885871,0.20634745588871825,0.010955927947456371
16384.0,64.0,rbf,0.22004698512137824,0.015263961670821878,0.13979331968136874,0.02530884457659524
16384.0,128.0,rbf,0.21299921691464369,0.015681187874016848,0.13821324149771466,0.02794811839124571
16384.0,256.0,rbf,0.21299921691464369,0.015602964827293671,0.03229384060278838,0.06465097145222322
16384.0,512.0,rbf,0.21299921691464369,0.015602964827293671,0.03218795915818908,0.06443900105401923
16384.0,1024.0,rbf,0.21299921691464369,0.015602964827293671,0.0,0.0
16384.0,2048.0,rbf,0.21299921691464369,0.015602964827293671,0.0,0.0
16384.0,4096.0,rbf,0.21299921691464369,0.015602964827293671,0.0,0.0
16384.0,8192.0,rbf,0.21299921691464369,0.015602964827293671,0.0,0.0
16384.0,16384.0,rbf,0.21299921691464369,0.015602964827293671,0.0,0.0
16384.0,32768.0,rbf,0.21299921691464369,0.015602964827293671,0.0,0.0
32768.0,3.0517578125e-05,rbf,0.30853563038371185,0.018815368726718167,0.30264589341572085,0.03787110897199754
32768.0,6.103515625e-05,rbf,0.30618637431480034,0.02134311100651324,0.2994732762669021,0.042990687123406535
32768.0,0.0001220703125,rbf,0.3140172278778387,0.016360419839675962,0.3073998258253097,0.032960482423448935
32768.0,0.000244140625,rbf,0.3241973375097886,0.025389726651800188,0.3042174298601045,0.03456322851906085
32768.0,0.00048828125,rbf,0.32967893500391543,0.022879097526838862,0.3194721199940109,0.027367056660707944
32768.0,0.0009765625,rbf,0.3328112764291308,0.012966125011599534,0.33098008302653426,0.01660247248004301
32768.0,0.001953125,rbf,0.3265465935787001,0.005868554389673464,0.326627614555279,0.008581373280563173
32768.0,0.00390625,rbf,0.3202819107282694,0.010017655939047588,0.323503210682287,0.009162439995417104
32768.0,0.0078125,rbf,0.3328112764291308,0.007990805121509459,0.3335637292775754,0.016015983474214183
32768.0,0.015625,rbf,0.3226311667971809,0.011254289821174141,0.3120102500172624,0.01714692393712253
32768.0,0.03125,rbf,0.3288958496476116,0.01430391814784352,0.3137797799247786,0.014196762273886648
32768.0,0.0625,rbf,0.3140172278778387,0.013844059878680898,0.30186453332497504,0.015206310212892213
32768.0,0.125,rbf,0.2764291307752545,0.015887716649359233,0.27168264882811594,0.019532353746896915
32768.0,0.25,rbf,0.2615505090054816,0.029335049689305562,0.25899629064607954,0.033900137796520145
32768.0,0.5,rbf,0.2662490211433046,0.03161104634756096,0.26237374904109145,0.033182816524184935
32768.0,1.0,rbf,0.2474549725920125,0.019862180207773732,0.24295011156882484,0.02463531587329257
32768.0,2.0,rbf,0.2513703993735317,0.021720126377978464,0.2489501276833434,0.02292342967207513
32768.0,4.0,rbf,0.2592012529365701,0.018101942639562187,0.2545499169400993,0.018117418851888185
32768.0,8.0,rbf,0.25606891151135475,0.010950677515537759,0.2439514515734302,0.010268255166217792
32768.0,16.0,rbf,0.2646828504306969,0.015158947840387531,0.23860184420899114,0.012526671786714858
32768.0,32.0,rbf,0.2576350822239624,0.011716865016885871,0.20634745588871825,0.010955927947456371
32768.0,64.0,rbf,0.22004698512137824,0.015263961670821878,0.13979331968136874,0.02530884457659524
32768.0,128.0,rbf,0.21299921691464369,0.015681187874016848,0.13821324149771466,0.02794811839124571
32768.0,256.0,rbf,0.21299921691464369,0.015602964827293671,0.03229384060278838,0.06465097145222322
32768.0,512.0,rbf,0.21299921691464369,0.015602964827293671,0.03218795915818908,0.06443900105401923
32768.0,1024.0,rbf,0.21299921691464369,0.015602964827293671,0.0,0.0
32768.0,2048.0,rbf,0.21299921691464369,0.015602964827293671,0.0,0.0
32768.0,4096.0,rbf,0.21299921691464369,0.015602964827293671,0.0,0.0
32768.0,8192.0,rbf,0.21299921691464369,0.015602964827293671,0.0,0.0
32768.0,16384.0,rbf,0.21299921691464369,0.015602964827293671,0.0,0.0
32768.0,32768.0,rbf,0.21299921691464369,0.015602964827293671,0.0,0.0
