MAFNDLLQQVGGVGRFQQIQVTLVVLPLLLMASHNTLQNFTAAIPTHHCRPPADANLSKNGGLEVWLPRDRQGQPESCLRFTSPQWGLPFLNGTEANGTGATEPCTDGWIYDNSTFPSTIVTEWDLVCSHRALRQLAQSLYMVGVLLGAMVFGYLADRLGRRKVLILNYLQTAVSGTCAAFAPNFPIYCAFRLLSGMALAGISLNCMTLNVEWMPIHTRACVGTLIGYVYSLGQFLLAGVAYAVPHWRHLQLLVSAPFFAFFIYSWFFIESARWHSSSGRLDLTLRALQRVARINGKREEGAKLSMEVLRASLQKELTMGKGQASAMELLRCPTLRHLFLCLSMLWFATSFAYYGLVMDLQGFGVSIYLIQVIFGAVDLPAKLVGFLVINSLGRRPAQMAALLLAGICILLNGVIPQDQSIVRTSLAVLGKGCLAASFNCIFLYTGELYPTMIRQTGMGMGSTMARVGSIVSPLVSMTAELYPSMPLFIYGAVPVAASAVTVLLPETLGQPLPDTVQDLESRWAPTQKEAGIYPRKGKQTRQQQEHQKYMVPLQASAQEKNGL
IC50
CC[C@H](C)C(=O)O[C@H]1C[C@H](O)C=C2C=C[C@H](C)[C@H](CC[C@@H](O)C[C@@H](O)CC(O)=O)[C@@H]12	408000.0
OC(=O)CCNC(=O)c1ccccc1	39000.0
CCCN(CCC)S(=O)(=O)c1ccc(cc1)C(O)=O	12300.0
CC1(C)C[C@@H]1C(=O)N\C(=C/CCCCSC[C@H](N)C(O)=O)C(O)=O	2550000.0
CNC(NC#N)=NCCSCc1[nH]cnc1C	492000.0
OC(=O)Cn1c2cc(c(cc2[nH]c(=O)c1=O)[N+]([O-])=O)-n1ccnc1	3000.0
Oc1cc2c3c(oc(=O)c4cc(O)c(O)c(oc2=O)c34)c1O	270.0
COc1ccc2n(C(=O)c3ccc(Cl)cc3)c(C)c(CC(O)=O)c2c1	3000.0
COc1ccc2cc(ccc2c1)[C@H](C)C(O)=O	5800.0
OC(=O)Cc1ccccc1Nc1c(Cl)cccc1Cl	4000.0
OC(=O)c1cc(ccc1O)-c1ccc(F)cc1F	850.0
CC(C(O)=O)c1cccc(c1)C(=O)c1ccccc1	1300.0
CC(C(O)=O)c1ccc(c(F)c1)-c1ccccc1	1500.0
CCc1cccc2c3CCOC(CC)(CC(O)=O)c3[nH]c12	50000.0
OC(=O)CCNC(=O)c1ccccc1	6000.0
CCCN(CCC)S(=O)(=O)c1ccc(cc1)C(O)=O	7400.0
CC(C)Cc1ccc(cc1)C(C)C(O)=O	8000.0
CCOc1ccc(NC(C)=O)cc1	200000.0
CN1C(C(=O)Nc2ccccn2)=C(O)c2ccccc2S1(=O)=O	20500.0
N[C@H](CS\C(Cl)=C\Cl)C(O)=O	208000.0
N[C@H](CSc1nc2ccccc2s1)C(O)=O	9900.0
N[C@@H](CSc1nc2ccccc2s1)C(O)=O	9900.0
N[C@H](CSC(F)(F)C(F)Cl)C(O)=O	177000.0
OC(=O)CNC(=O)c1ccccc1O	27000.0
OC(=O)CNC(=O)c1ccc(O)cc1	25000.0
OS(=O)(=O)Oc1c[nH]c2ccccc12	83000.0
CC(=O)Oc1c[nH]c2ccccc12	83000.0
OC(=O)CNC(=O)c1ccccc1	20000.0
