n_harmonics,base_freq,magnitudes,instruments
3,4.450473685675358,[0.33432396 1.72094015 0.94742849],[<ufunc 'sin'> <ufunc 'sin'> <ufunc 'sin'>]
x,y
-2.9937624764677686,-1.5482229439244097
-2.98578823465353,-1.5027783031509356
-2.9792070804082256,-1.4183694325539449
-2.966496748216025,-1.2874036355440526
-2.955972245506003,-1.231847384196435
-2.9515420428310097,-1.2111933457623745
-2.9430263545193815,-1.121221244864759
-2.9417635403131976,-1.090543807065074
-2.9382784994066378,-1.0480374829323538
-2.9337142346461214,-1.0346380078247193
-2.928590017743388,-0.9981613546625282
-2.9142968741149393,-0.938259333599548
-2.9124262070160594,-0.9193659657685417
-2.9123976956772304,-0.9585404426113973
-2.91066541151029,-0.9560583423447222
-2.9026643484031287,-0.9044156697868343
-2.8991963308214848,-0.895662122242259
-2.8955033953410707,-0.8656156919129175
-2.891871289068394,-0.8213843907463184
-2.889343825230746,-0.8490134513241355
-2.882859455441083,-0.8350798063855809
-2.881725008653512,-0.8149964371708072
-2.8766703317719955,-0.817314294114479
-2.8749443689422427,-0.7697653207293421
-2.8697627840082944,-0.7870959184478129
-2.864603155192213,-0.8100620940819226
-2.862827453134252,-0.7425810196859887
-2.859671230621365,-0.7681355880508159
-2.854952620009128,-0.8034213719332359
-2.834332605810148,-0.7624128494930604
-2.8294066693966897,-0.8024027837921839
-2.827205680298748,-0.8131217880670943
-2.8269159965397166,-0.8007328137393408
-2.8144741031718077,-0.8088015603674349
-2.813737997054096,-0.8471960607107751
-2.8080810163421988,-0.8173192295209529
-2.8044832702619154,-0.8437868351015262
-2.802721689131797,-0.8205778758083385
-2.798421258025017,-0.8373139242130563
-2.7919967074113963,-0.8986834705263153
-2.7907731069255477,-0.86721252983314
-2.786580080769878,-0.8963941885975051
-2.771324434327778,-0.8852786974896295
-2.7685047050896787,-0.9228412390593679
-2.766788247182898,-0.8466822998793623
-2.766527114508221,-0.8409231798255723
-2.7638211965849013,-0.8976618754519401
-2.761557695074411,-0.8708873538431653
-2.754541576792981,-0.8760017175421286
-2.7449999739413933,-0.8922714176956189
-2.7431537037463105,-0.8996911829445762
-2.7407416218680933,-0.8549625026713629
-2.7334639037389143,-0.8869959014835981
-2.727710922289198,-0.8326220384727326
-2.7214208212554385,-0.8261023802526161
-2.7147051144202496,-0.8162879431794124
-2.7140990996208103,-0.7804233595318052
-2.7104785010404773,-0.8285289497579397
-2.7087753531525722,-0.7811573703459231
-2.696786108470036,-0.7274141073420464
-2.692485418155626,-0.6985993417656363
-2.6851513058408933,-0.6869025956230388
-2.6808607813450944,-0.5945259196481034
-2.6758493791353795,-0.523652493403268
-2.6753629965104073,-0.5485641212308787
-2.6749678331301174,-0.5727789108630584
-2.6688796195159754,-0.48777250909254066
-2.6685235969796173,-0.5046091151212968
-2.66124446635995,-0.4576760824191961
-2.6579535787385176,-0.4069598069553757
-2.657487438165256,-0.38564380745143034
-2.6536011681867224,-0.3048483130301474
-2.6510645533566906,-0.2999643207808551
-2.639765454966777,-0.17219938313157798
-2.6354581083775894,-0.09950840309386708
-2.635239781144279,-0.1503823148604618
-2.63439531467789,-0.08353837292829379
-2.6292543627033784,-0.026322201190133163
-2.602414506208533,0.41469093542267
-2.5991136742343146,0.44710104890267194
-2.594674320793147,0.4622692696137415
-2.589967253023824,0.5432068339534044
-2.5877025108088,0.6271066793859257
-2.5866636799714637,0.6277802216129047
-2.578582892238744,0.7543356998637056
-2.563009754363022,0.9504037631123973
-2.5478169648523297,1.2244766181553823
-2.542613435202962,1.270344750154006
-2.5306550827191456,1.491179854840942
-2.4996868580383387,1.7768001410649772
-2.496249779626815,1.845988199116557
-2.4868479142767805,1.860492083229875
-2.4864238336810813,1.8546253286726453
-2.474431009874834,1.9424373221298623
-2.462472221594731,1.9240560366576211
-2.461639218899765,1.9707882310715006
-2.457707270924119,1.9219622142096648
-2.446951036402444,1.9128518097834148
-2.4398763090777544,1.8474138004724843
-2.431666047936951,1.8351332489046588
-2.422946573799746,1.7543428864175075
-2.4191038906855766,1.756634772411649
-2.4123428618054152,1.6977640724860903
-2.411917621439674,1.6725082329069054
-2.4047495222312194,1.5707791305398984
-2.402173950141244,1.564204062156126
-2.3984030381116512,1.603271177442573
-2.394728536269242,1.5017256207086813
-2.391786187764083,1.443659996454202
-2.3901757154909227,1.4135358205112716
-2.382348199630594,1.329462582498732
-2.3739700207856975,1.2540601321999514
-2.3691612552574455,1.1100711276601045
-2.3592994969665164,0.9606717684399957
-2.3493314752063417,0.801188663580369
-2.342089003032381,0.6951318314681212
-2.3295270007765536,0.42898453008924337
-2.3252274527277814,0.3925328719970277
-2.3162457629158544,0.26440981330031477
-2.2990008771288126,-0.08331006695561313
-2.292461643093892,-0.18698144483658238
-2.2909765273496014,-0.22624811255530244
-2.2860040304726645,-0.3190243476094179
-2.281634787874027,-0.33528682408426813
-2.2522980554719787,-0.7654724471459288
-2.2512917746464263,-0.8088488085359724
-2.232625905561256,-0.9077362923319172
-2.2307592391998234,-0.9063370195149626
-2.2217100898337203,-0.9578805094785359
-2.2208950910999814,-0.9700251694560714
-2.195081178454843,-0.970276134680179
-2.1886537030770823,-0.9413552944455578
-2.1883281119347364,-0.9445117965806343
-2.1810711030766794,-0.8936239364421986
-2.1809324425738614,-0.8612436121653043
-2.1805405399400684,-0.8878515930530456
-2.178484296394045,-0.8139542013790794
-2.173059691849324,-0.8374897494512867
-2.161749094988341,-0.7422094691884628
-2.1587977155790403,-0.7024693369720724
-2.1505849018022385,-0.5959733470076052
-2.148787729992344,-0.5891643699247933
-2.1465979648325124,-0.5368426155969835
-2.134574332673502,-0.4090343120209091
-2.133744770508094,-0.3984705251135996
-2.130368417022978,-0.3346285789392168
-2.1257606396561335,-0.29591208745068925
-2.1233139614750822,-0.19989913798444245
-2.123287203861795,-0.22838166212945096
-2.122461173529971,-0.21862309186294873
-2.12151246724754,-0.24398148168163414
-2.115798638144704,-0.09112007147385766
-2.1141284701370333,-0.04499651043389463
-2.111871655581618,0.006512459915322663
-2.101099052231099,0.1528819126134842
-2.099696209023902,0.18684325352423703
-2.0983148267411402,0.2290832901625277
-2.0858888065869983,0.4266801245380778
-2.082131010592237,0.5196206086169327
-2.077938877356071,0.5850247476064552
-2.076895088363652,0.6397756107314517
-2.072039217041021,0.7261953277152946
-2.0568786672038684,0.991092984200936
-2.05341988855098,1.0072083505411833
-2.0483073683748803,1.1416292405145771
-2.0476843246104206,1.1688097549340308
-2.039866272837359,1.2817615113765264
-2.038703543735335,1.3274165983662944
-2.0325691465940583,1.3981676396335379
-2.0313327524476734,1.4054822666794438
-2.030447071344221,1.438433883437724
-2.029448794829734,1.4398063247027884
-2.012020840755018,1.6752688309746606
-1.9995795946858332,1.8651195479154907
-1.998604129633441,1.8646516177093773
-1.9933829142487665,1.920268745058131
-1.9895851505940219,1.9093755300080753
-1.9857959477666782,1.9644979973171088
-1.9847591408278549,1.9514616661465678
-1.9547907883416038,2.031494301229876
-1.940906562343131,2.0297614982415824
-1.9390536520591584,2.0369894244334543
-1.9380642593061626,2.0519932687502025
-1.9313004035702936,1.9754047344800683
-1.9216452459677353,1.8919853423188049
-1.916458294462396,1.8897974621341287
-1.9146157417966085,1.843551604778683
-1.9133868739996585,1.7819976583234334
-1.9054314531880427,1.746533594595591
-1.903268621683948,1.695539954345263
-1.8968437880686053,1.568592355916768
-1.8911505418526846,1.5215777832041797
-1.8879390064055048,1.487429470505769
-1.8819268248716798,1.3968751019283456
-1.877327486116041,1.317932205358867
-1.8767819043153051,1.3388564269414576
-1.8708464319071463,1.2107767354186734
-1.8676679252989583,1.177558179657444
-1.8659401308535966,1.1351516832158643
-1.864916583923868,1.0937990180694377
-1.8635537399351338,1.0838050643361858
-1.8433205163976576,0.6677053844942131
-1.8414146990176075,0.6395022992735905
-1.8272670940952895,0.30199077621485376
-1.8271747034882106,0.333616701871184
-1.8228862311556284,0.213736642065679
-1.8206250715180763,0.1875711445823365
-1.819703653608693,0.11712683759257231
-1.810727401743368,-0.03996550675063394
-1.8072169341867916,-0.11962491898125249
-1.80548726013915,-0.13121173191609126
-1.8015739325019993,-0.2233285779516006
-1.7945031188282972,-0.3952143944911784
-1.7855313297921418,-0.5992910111901261
-1.7835141385024882,-0.6121547424494853
-1.7626203515246952,-0.9920126511770907
-1.761256974552601,-1.0362871191149592
-1.7252897810009835,-1.593512954894681
-1.719681168559674,-1.6124627961632274
-1.7120343034521022,-1.7304183114650642
-1.7069970785134645,-1.7258696257770012
-1.706592903623995,-1.7815643131648253
-1.706393554187646,-1.7276019741656137
-1.70604894008814,-1.725614185314859
-1.7056804066656257,-1.7373432526412773
-1.7020412761833876,-1.8026481489318567
-1.6879706051166972,-1.8411953420851428
-1.6651876666924652,-1.9356291298955415
-1.6579640757193523,-1.9339575272972611
-1.6546408223160558,-1.963981841890858
-1.6493297063892454,-1.905571278188844
-1.6243998583622274,-1.8400220212445093
-1.6141602263937382,-1.7667299544417459
-1.6014506429873385,-1.6900343642766178
-1.59987143704314,-1.7165044188564913
-1.593926013652505,-1.625747525997763
-1.590890617709732,-1.5850459596317306
-1.5892707661929457,-1.607346916137184
-1.5866758313919263,-1.5341864434235333
-1.5825527239566322,-1.50933795479621
-1.568197529576039,-1.4119811013359704
-1.5589098642842236,-1.330920534820209
-1.5564522485848045,-1.3330644147286876
-1.5555064942139625,-1.3515299312860212
-1.544441557796603,-1.2537578629670671
-1.5382669601417311,-1.1551926959354446
-1.5381202167296522,-1.2207072594673087
-1.5364688172671714,-1.2158036696177033
-1.5347832192747748,-1.1837844414879566
-1.5347739529651192,-1.1787363767360075
-1.5331729388328232,-1.14193836594779
-1.5319616071121196,-1.1025520911914135
-1.5310997125746957,-1.070127757330957
-1.5225748728829998,-1.0610785973856072
-1.5159905812821806,-1.0360952477101883
-1.5020677251292818,-0.9080593926695396
-1.4984116516534836,-0.9220432182186469
-1.4914223989181166,-0.8840673058010491
-1.4776985725052267,-0.8632144731162046
-1.4654983954448824,-0.7647086233106275
-1.449396859748548,-0.8259563450116705
-1.4481207613672131,-0.8178798556018168
-1.4426811745257928,-0.7980221759138844
-1.4363589959930418,-0.8152311508159974
-1.4256019009672298,-0.7555037782641243
-1.420802607841957,-0.7850765498532952
-1.4154803657527433,-0.7934002097113623
-1.4124433464416744,-0.7994537689055575
-1.4122326177510132,-0.8046897303230578
-1.4025763089167689,-0.7999083992332747
-1.3928744279528786,-0.8162480374424399
-1.3924104592221163,-0.8374383584949571
-1.3889825766406876,-0.8433385479659107
-1.3707348599874722,-0.8121010503920294
-1.3651152235268766,-0.8300570585419753
-1.3606788950290765,-0.8725846112900855
-1.3603917861179555,-0.8904026658113352
-1.3602808055360611,-0.8414397643706764
-1.3538811605269345,-0.8740956398246077
-1.3425871205656243,-0.8925755656741938
-1.3417790562085756,-0.9345198686618308
-1.3388541731764445,-0.87329966228302
-1.3298867892722344,-0.9269822557138556
-1.3207247269860192,-0.875824827249619
-1.3191517645047313,-0.9034674770294083
-1.3126465890170942,-0.8526007075345307
-1.3027626073210818,-0.7929102966247469
-1.3004571498609716,-0.7971244621500504
-1.2990580232878806,-0.7933071016281286
-1.2915416362443939,-0.7697699113897294
-1.2869173199614525,-0.689111031139136
-1.2805842009082387,-0.6990256672549509
-1.280572426961156,-0.705767424629795
-1.2697958365955768,-0.6014663849559397
-1.2676304525413575,-0.591052033450879
-1.2667673454440944,-0.6031705083617602
-1.2640236780923462,-0.558617037434118
-1.2550338196547377,-0.47474309838676787
-1.252042972649626,-0.38736654335877985
-1.2516726010081307,-0.42265084405857734
-1.2488867920877151,-0.42859248632138075
-1.2433629552136185,-0.3388608515826546
-1.2320706104994663,-0.21985652493299682
-1.226401492282248,-0.15366941697072561
-1.2242295366475835,-0.10455507106735534
-1.2191503077933148,-0.02681668111049088
-1.199088643671461,0.2535140777868773
-1.1990881825472761,0.22113105809203704
-1.185718672721936,0.45527113904079153
-1.1846853866102485,0.4445887397054072
-1.1845733306782391,0.44212206794480774
-1.1809156085664885,0.52921002606526
-1.178187209047577,0.5435800794201681
-1.1776216438389087,0.5479086639827726
-1.1730455214913051,0.7008026744775521
-1.1649835056445295,0.7638213809633676
-1.1636023926294863,0.7691311771984543
-1.1516012864354699,1.0184074263515892
-1.1513939608810322,0.9926771981225395
-1.1496496498076652,0.9879708668209274
-1.1362672969886778,1.208205570824103
-1.124461299263338,1.3763491476455074
-1.1200128729239227,1.4551937021681731
-1.1121483706547963,1.5214109370089788
-1.1079986708261529,1.6151847931182517
-1.097492455307401,1.6427222180108583
-1.096415567292287,1.7177990897210338
-1.0922230010778966,1.7559521003413217
-1.08929908215728,1.7326353556981444
-1.0754489531259397,1.8432098774031145
-1.067048377688361,1.8067821746438373
-1.063218977607798,1.9277795182341357
-1.063030279395549,1.9134732520661537
-1.0623909324385459,1.8807269468026304
-1.0577968764229957,1.942087945774237
-1.0576253483940072,1.9146876247144076
-1.0554305621711648,1.9411936222465476
-1.0521489173073475,1.973413802311977
-1.045587602933197,1.933110278719864
-1.0407430862347373,1.982084302197187
-1.0392195149448742,1.8775159567164992
-1.023406857338295,1.8417618106216869
-1.0207630786068373,1.8410594063457801
-1.0078982823798115,1.7677737704457916
-0.9944063214757222,1.6774337872113851
-0.991003875524596,1.6163375040514236
-0.9879210871228326,1.576587924587431
-0.976459507608598,1.4169690904588124
-0.9680734857821154,1.3211739822427064
-0.9546242197385575,1.0936169972409848
-0.9452317128747434,0.9534418358220375
-0.943986304292348,0.9230576977564178
-0.9437403064298584,0.9013509490041114
-0.937310254851214,0.828016251998535
-0.9273179655487569,0.6331339400877021
-0.924258947635658,0.545832915405117
-0.917070093902554,0.4130686274880804
-0.9104409623139365,0.3036053099772661
-0.9086073892544437,0.28184059305234455
-0.908515320905221,0.2771998464447814
-0.8793294259883564,-0.19077354048005324
-0.868983278759107,-0.36958423275744157
-0.8530974116919126,-0.6104694041317679
-0.8474703210505066,-0.6540085894584807
-0.8452952972513503,-0.6529883535281642
-0.8410021234977014,-0.7435399131895588
-0.8270476019025397,-0.8532428498876886
-0.8238421942460628,-0.8527599093913041
-0.8104328030883732,-0.9714061274249594
-0.8064853943128854,-0.9645479091034065
-0.8030058171369703,-0.9464459874498445
-0.787377100944858,-0.9535106983289049
-0.7771313483577762,-0.9605812158403807
-0.7613732887282252,-0.8412387352290742
-0.7487824709203492,-0.7610736283258216
-0.7454720431062833,-0.7144639323519102
-0.7345066698181917,-0.5902943089154955
-0.7312566945864196,-0.5186447779337146
-0.7277598668691763,-0.48323688635519063
-0.7185571998330889,-0.3313818457364174
-0.7117276808197746,-0.19660791470873923
-0.7059545701373633,-0.11835461004455203
-0.6865021574434298,0.2108514556944817
-0.6790890691953049,0.3969111181719561
-0.6766785236622015,0.3801706798346804
-0.6750621896107418,0.42741900219143647
-0.6720367336868209,0.44360725263199197
-0.6706200922783037,0.49939179872347456
-0.6693378583214509,0.5628400441392415
-0.652816019496961,0.8383917353918221
-0.649689461534587,0.930683847160964
-0.6478343294606805,0.9310839939241374
-0.6382421060422176,1.1201259964545167
-0.6325593499413689,1.2301735313257491
-0.632447612937042,1.2128674090904008
-0.6322982316533166,1.1775573663724344
-0.6207921043485811,1.463423447450639
-0.6123029398320896,1.5530882107992061
-0.6121071929634168,1.5115898007836235
-0.6105765047973373,1.5538061930001992
-0.5998404054129547,1.6933519618588468
-0.5962985476226792,1.7241369751730673
-0.5835765566402946,1.8767315655131578
-0.5778773362546374,1.9147810896807083
-0.5666884193641066,1.985081599928352
-0.5512414193632731,2.0603323422407693
-0.5510279683135852,2.0472255607259626
-0.5491842969753082,2.0670906451950883
-0.5416384470400253,2.0634578994129864
-0.5415101166001888,2.0099578927676487
-0.5411121109397241,2.031803700334605
-0.5397770113919655,2.0628875423267026
-0.5323290425180716,2.040625764056669
-0.5196041756326637,2.0050348150579613
-0.5088596864218355,1.8952330239726192
-0.5071103136083375,1.8509134175881758
-0.4995724178420393,1.7783783118277054
-0.49871792516357116,1.8088920122715493
-0.4824940943671874,1.589816844270655
-0.4796236565298546,1.579965679325953
-0.4769393373458848,1.5059763552453298
-0.46974211303133817,1.3857346898673704
-0.46791858796353747,1.3238835896734025
-0.46445837606125906,1.317131511548848
-0.4524130271811835,1.0741824171035204
-0.4509547541703123,1.0381990608354972
-0.4450363622005673,0.9310843379519027
-0.4436527941279258,0.9188320652555113
-0.4382035925792098,0.7673616635218934
-0.4319291037752446,0.717421560325183
-0.4309156347941805,0.6226459726358552
-0.42873143566789684,0.5915251786648057
-0.42450608230317854,0.5139748195537968
-0.42049837852193983,0.45764698171774637
-0.4144501377910559,0.29487452356324956
-0.40298317047301957,0.034364122471922914
-0.3951173345591945,-0.10254518129382573
-0.3949854281018492,-0.10887962726683338
-0.39379862660626763,-0.14930022411324637
-0.39113756874366423,-0.24645735709715114
-0.3574665579957541,-0.8834333084612177
-0.35471569312037854,-0.9347546230539888
-0.3522794008843606,-0.9545149906653809
-0.34118077410222103,-1.1671443424355943
-0.3409523244226209,-1.159822460130334
-0.33521703607205033,-1.3055577881794762
-0.33394979507803857,-1.2997355487312754
-0.32500956100851486,-1.4337147445395737
-0.3227078607846785,-1.4408159492661134
-0.31251240462334984,-1.6063917913502472
-0.3040906490796811,-1.702682968419098
-0.29979148211800233,-1.772395882155122
-0.29384374874827035,-1.737077748146192
-0.2911319165090074,-1.800642616620935
-0.2728733770455323,-1.9196491286357438
-0.27098545659636564,-1.9046259187838201
-0.2643280667667405,-1.9106642533461682
-0.25886464411354737,-1.9442189933808471
-0.24834115247857813,-1.9704006508377097
-0.24733714550676922,-1.9129525270712295
-0.22188617475530226,-1.844567394568504
-0.21197768011355933,-1.8678262797864962
-0.20206723445411878,-1.753384548167888
-0.20139616923361192,-1.7649626328644346
-0.18976581515985735,-1.6529399275148442
-0.18795974716092,-1.6630337591233342
-0.18532753979895755,-1.6294787817166216
-0.1808575486173254,-1.6242417922998884
-0.17969467914981152,-1.6568939805236698
-0.1600141517339182,-1.4649855585508365
-0.15865752368487307,-1.4323540614195758
-0.15767065276935233,-1.440190323311655
-0.15475679764632755,-1.4126162634599262
-0.14937253825027508,-1.3876150195289845
-0.14872975668675492,-1.4119763430104153
-0.1482249337296544,-1.3584482087198355
-0.14103422620180606,-1.3109483316100548
-0.13141844911567935,-1.2039981107312308
-0.12926158091276374,-1.285370664990653
-0.12441174469386151,-1.148895325961085
-0.12248267794765733,-1.15872909264373
-0.11428558783801712,-1.0930370512969765
-0.11321108340265162,-1.1306103099768978
-0.10854650712794633,-1.0531320212964859
-0.10245546614376932,-1.008579502533489
-0.10005943270856221,-1.0093659613786359
-0.09932472367110723,-1.0458371939216191
-0.09700739617587972,-1.0180397428879286
-0.07963784707426491,-0.8838092533596731
-0.07929311281346862,-0.902234251291788
-0.07545819885234817,-0.9109324098439505
-0.07543093125321443,-0.9045284257963668
-0.0749891330360164,-0.909087620497797
-0.063957500979682,-0.8265664706756328
-0.06088570091935441,-0.8476830564396839
-0.059949452522261915,-0.8189458872338503
-0.05693590488158362,-0.8257757176797438
-0.04668878562046652,-0.7651986921321992
-0.042736844110474514,-0.7727664140218276
-0.0400727298204373,-0.7688379259167083
-0.02106259441756686,-0.7665122466539924
-0.016390156279236123,-0.7815148753929168
-0.007520313400100065,-0.7821899588143725
-0.0063306953359210105,-0.8351691424628966
-0.004027775277084977,-0.7951537845357651
0.00014003814609253595,-0.757879861960083
0.0034164374223388805,-0.8435756149903268
0.006410629402835877,-0.8272650546031586
0.007232913582877032,-0.7588145736460322
0.017277484302786306,-0.7866342204316231
0.018190653642153,-0.7932160003807115
0.02072319494589614,-0.8619650556633363
0.04186881728794489,-0.8810857820379486
0.04978844386227088,-0.8672880983410121
0.05213352546364414,-0.8671573147748066
0.05298416881182444,-0.8744504286488801
0.05873481877925002,-0.8522080775852402
0.06266271267183487,-0.889837501131725
0.07211489413070904,-0.9174674260721087
0.08016752731115773,-0.8966070061767865
0.0974421416100899,-0.8645681260026198
0.10811678438399541,-0.7814068250729083
0.11286330681765921,-0.8052961479886657
0.1175064087005584,-0.7011938746598587
0.1185466407228466,-0.7365145854839369
0.1237748797514735,-0.7144949479434265
0.12634414640616232,-0.6890011356065336
0.13237110381709805,-0.6774871375984814
0.13380952108128774,-0.6902697474870799
0.13548174666679458,-0.6755595931952806
0.1422968484183027,-0.6263911231925681
0.14409243496026303,-0.585731961820853
0.14719312227239723,-0.5722509655766106
0.1525538270068445,-0.5314973995496994
0.15307993038695633,-0.49778629883440073
0.1533799852382849,-0.48625624453881683
0.16629356362135095,-0.3376189413728801
0.16690054579262004,-0.39606484615170673
0.16808680085660033,-0.3399653798162154
0.1711486581124877,-0.29802214370756386
0.17254529451543732,-0.3281861943744122
0.1801879844162233,-0.1973277815106811
0.1980072696753039,0.010743546412382489
0.20297226780121358,0.11774064908414558
0.2068808965298956,0.1618472733756753
0.21224549039860863,0.2092802176587581
0.21435313590255367,0.26510772466875704
0.2150314121862129,0.3109639805811529
0.21673026096311254,0.2836201202023429
0.21900464390459096,0.35108490729544195
0.22562215618200998,0.4595502604643685
0.24763974970857916,0.8042191090667834
0.25570304350120665,0.9017860813152571
0.25958236775950816,0.9816634116870369
0.2719534248187303,1.1570279813592983
0.2722260585633567,1.233505813529361
0.2755927634277784,1.2264113180169782
0.2760854725975195,1.2109200995668767
0.2790766316382145,1.2782512487319078
0.2804538210056755,1.274482540044973
0.2867995373266963,1.3702104921344278
0.29043287765953085,1.4518838523967736
0.3029101167576882,1.5742854795971621
0.3120594118473665,1.6806377069178402
0.315459397541356,1.665161027645814
0.31654150830531735,1.6963629461028213
0.3194787197624098,1.7470302312076116
0.32006803742134027,1.7197590112703232
0.3210981306491205,1.8020607682682754
0.33233611176230493,1.8642538161433644
0.336688550353907,1.8634454416356443
0.34725199126602035,1.8731636520307995
0.3474452011128655,1.9088522842458353
0.3567901686275068,1.9331649231411865
0.35914847641719216,1.9064798341350415
0.36059695785547996,1.9397201974194065
0.3638390583263149,1.926805492392237
0.3668915279325473,1.9493210909890673
0.3714367039845863,1.8905074381329328
0.37521872366261766,1.9109758497424325
0.377347421313897,1.9424029569685382
0.38087726518309895,1.9280487748724522
0.384053436545015,1.8584147511689202
0.4051861032826438,1.7888706505899281
0.4082169368326616,1.6975498320724631
0.41249517616422837,1.6928515561651578
0.4150249762524818,1.6131250333855933
0.42095318993133013,1.568007483388444
0.4256800671922907,1.5362798663877375
0.4269405736996674,1.4878737373118176
0.432025263561703,1.4781917091884966
0.4418416487501493,1.3163195316856744
0.44604608957733305,1.245911794263455
0.44619223056661284,1.2057792190881993
0.4510391342735769,1.1903601770895813
0.472682872063551,0.7636222094388583
0.476778875055337,0.7423932540275694
0.49243819404578826,0.49988112150278524
0.49932284354538226,0.3179238902529983
0.5134910237866146,0.0875960629124842
0.5138341084947626,0.10915659687722176
0.5199435911691843,-0.013726162031973296
0.5243160313047124,-0.09015551744391628
0.5420266880650209,-0.35158795280653315
0.5430789966041658,-0.3785893319093716
0.544201723280735,-0.3956262247912478
0.5452483953390934,-0.3993812564271397
0.5519031071286724,-0.5138093653777429
0.5541380217011094,-0.5355815874185361
0.5572294947144374,-0.5484050649555525
0.5574496390702341,-0.5821086116017193
0.5604172890742345,-0.5918798730355577
0.5641465008111766,-0.6844992634814748
0.5652330408081543,-0.653195287696442
0.5672333179841553,-0.7166422647678264
0.5823090297010034,-0.7901346385051546
0.5875613989373583,-0.8537114980952932
0.5969013656774953,-0.9197149148529721
0.6039150961617032,-0.9444663991026687
0.6068690154904273,-0.9695658069985853
0.6083128002091756,-0.9670889885686745
0.6086875795413067,-0.9867088661909656
0.6100447369574775,-0.9602804029158596
0.6118287701400362,-0.9498958914867939
0.6224613967710293,-0.9974785870885426
0.6227992812291028,-0.9835694086844289
0.6321600316967171,-0.9511030903690264
0.632578168980154,-0.9416071061596616
0.634620991669351,-0.9258348185659373
0.6364553345468931,-0.9615668232629009
0.6409548844213653,-0.9084310533372248
0.6480298526680004,-0.8575041675587584
0.6528594139296997,-0.7931074339380714
0.6604088997017756,-0.8037189584134993
0.6621535147827182,-0.7332600692390678
0.6666971055572075,-0.6859359308027327
0.6717690124708433,-0.6544281416276202
0.6789272894726883,-0.5352069153581058
0.6832796665624237,-0.5545142674767806
0.6848591090253282,-0.4976769482666692
0.700173740778216,-0.22085337123564963
0.7078053032035263,-0.12215498724260407
0.7154227971926312,0.09121436619052642
0.7258578837892324,0.21073841242640395
0.7317228494057346,0.33926895108507965
0.7321627358005305,0.35772620175364633
0.7329093652922563,0.36385099584075875
0.7339695462980109,0.404465322853578
0.7372414381790122,0.4537621332550724
0.7389129585149385,0.4165343737269878
0.7443341433102235,0.5477794588831991
0.7486536393002563,0.6528915953058471
0.7658653785575957,0.9772478411048444
0.7666076053590052,1.013892462044861
0.768578620858738,1.0312694588030165
0.7795319336703077,1.238039609445848
0.791237354523143,1.4234731537421401
0.8010934318335119,1.5727387211397148
0.8083942302622322,1.6566565641997082
0.8214444469956388,1.7739307170455263
0.8231236250242522,1.8411439417257802
0.8334722483547585,1.9630955094477314
0.8466455382808356,2.0003875708247
0.8468986590736378,1.9751763681071164
0.8511458781701942,2.002662235033574
0.8600723984036778,2.018981205212934
0.8661247810032977,2.0439837216907017
0.8697276096188373,2.044159458733363
0.8799491059240552,2.0464721970489967
0.8892556522530821,1.9758708213611609
0.8922532025332597,1.9600665213406927
0.8955602850215088,1.9576122851609357
0.9005828086592276,1.8739487948169309
0.9057713403484735,1.909365037560353
0.9164356484703156,1.7301636775902869
0.9212073878680318,1.6950538031469307
0.9228831144070284,1.6879030155086747
0.9265028670796722,1.6066926385853748
0.9285900171982453,1.5984023770892797
0.9286876549857528,1.6049722943692577
0.9415216628118626,1.4382030421904684
0.9440735391821082,1.327180273172201
0.9485177391278055,1.2602347870466186
0.956881075996022,1.0997387437916666
0.9764208524802496,0.7621296129238556
0.9834030091991943,0.6032820398661113
0.9886869978126489,0.48092679407460587
0.9961167802735584,0.3456295850708153
0.9962951428250415,0.3092872992442584
1.007024848236572,0.07678782227879266
1.012705737881948,-0.024154170001262014
1.013839131749176,-0.05398581946371535
1.0145915507122272,-0.0705643549217349
1.0235243439108235,-0.279994182956692
1.0304107727312743,-0.4439208381406657
1.0391480435204983,-0.5453425666328641
1.05285057050307,-0.8977269733757062
1.0583888981063456,-0.9697333504027263
1.0660270145030646,-1.077171164143018
1.071917826024908,-1.2109901836602248
1.073665839052997,-1.229592315707461
1.07962240213985,-1.3128322790340823
1.083130900262697,-1.402973411163363
1.091265209326382,-1.4866006816345325
1.0986042851096345,-1.5644052820276344
1.102436340332039,-1.588997423678703
1.1031757754926526,-1.6316038063687568
1.1128093633350353,-1.728071572302273
1.112959619068377,-1.673783135271431
1.1137212912095693,-1.7178920925038195
1.120890623574029,-1.7732872980622814
1.1395755969360861,-1.8934794792699108
1.1486826297468964,-1.9852236517704924
1.1611627337749635,-1.9652546862850775
1.1631201734991032,-1.958544556596051
1.1638169129458866,-1.9620969877055636
1.1761832209018044,-1.9055398892460456
1.2226175520284581,-1.7034616058006378
1.2273654386947772,-1.672546732917228
1.238596444784779,-1.5590536525690564
1.2414143383342902,-1.5499620546628283
1.2489970907763484,-1.4462303083970935
1.2496598284821614,-1.4431325718397956
1.2675978195161957,-1.2948772940275795
1.2789471662477894,-1.2177818563542693
1.2794524964864653,-1.2526266214751436
1.2807505910922679,-1.2549544438401286
1.2865873917514046,-1.1994680687086516
1.2882391863745415,-1.1756064957564458
1.2894716624073341,-1.1967260014236838
1.2931469421936281,-1.12040708223195
1.2941346348706606,-1.0753542403549252
1.2969017029511534,-1.1501408958436201
1.2969263485749885,-1.1149122847823993
1.317171324701662,-0.9793793048698095
1.3190789776746765,-0.9862141023436365
1.327328684273148,-0.9161174253004196
1.328317514404346,-0.9355633810058133
1.3306994195516246,-0.8635814565954456
1.33147895589536,-0.8875608284921093
1.3379482759417645,-0.8838315404034448
1.3426750058858747,-0.843895358173073
1.3441955528628817,-0.8516987519239531
1.3485615383358507,-0.8806249174988351
1.3542982874375413,-0.8641282060439018
1.3679475723024792,-0.8408962365831837
1.372922592150566,-0.8286508004609843
1.3843357403281935,-0.7817461367170352
1.3865381655005624,-0.8400293939814537
1.389780170311556,-0.8006088204341509
1.4116089720012122,-0.813317952040581
1.4117614523127866,-0.7709252953004996
1.4181839749713117,-0.8455152386663777
1.4233693823091116,-0.8385860933065925
1.4245322554526147,-0.8098135153099112
1.4247826915115116,-0.7748727854261657
1.4300040395071978,-0.8131986708858616
1.4320897927187044,-0.8515275521702682
1.4438226926836437,-0.8680136792505452
1.4503873622460715,-0.8596874277306585
1.4581183040510002,-0.8816939504169284
1.4592304111558718,-0.8466992159034671
1.461007386299154,-0.8261491166790819
1.4617250612024142,-0.869412950140215
1.4724043299216705,-0.8207163346865377
1.474244363918503,-0.8988429739787929
1.4925504788746,-0.862534299157622
1.4949020120825747,-0.9304603422587874
1.4965480720130877,-0.9313479454166814
1.5005553752239633,-0.8678001383305245
1.5082319867915865,-0.8655911692540075
1.5108556493761505,-0.8496059420952223
1.5126485685498814,-0.8425731721182236
1.513828018327363,-0.8320820530614222
1.5146049588083894,-0.8731149257580126
1.5179393450195304,-0.8329339936311541
1.5289654496757752,-0.8199504944587053
1.5300963373685903,-0.7684457101006695
1.5392173785003482,-0.6900734211106564
1.5407472282795514,-0.721067646722769
1.552117974864359,-0.6213428858958098
1.5622484536316668,-0.5402480710920013
1.570257207364775,-0.43376462950879335
1.5741231963636846,-0.44023153232977374
1.5798251365285267,-0.3665198270225125
1.5828841287372182,-0.33616033495517966
1.5868082022803849,-0.2866466721947302
1.589948168569447,-0.23801293553159147
1.5938911578229185,-0.1625447439058331
1.6169698786314868,0.12148675434310359
1.6216714415105935,0.23716134661682026
1.6318336171414591,0.3723592972379246
1.6335551937702437,0.36663887077202284
1.633563313908832,0.36375813987828803
1.6449964068215976,0.5421287848315719
1.6470836331895278,0.639594162021935
1.6551115889940284,0.7376372721122851
1.6685800673524493,0.9025936555208677
1.6746377614437415,1.0199241603558218
1.6905204386789556,1.2344067240592265
1.7021773107658245,1.4037521780236206
1.7054207715176224,1.4703789503630027
1.7205829941377564,1.6548420328207998
1.7207150537634845,1.6301272509574138
1.7231142494318874,1.6693675900742877
1.7361942065724723,1.739858047458345
1.7432513640405887,1.7986406413432823
1.754884486526434,1.8879098089597701
1.7570412988347375,1.8975258949193587
1.7680200102792343,1.891291692540352
1.7917534034777862,1.898532752965851
1.8083791236750448,1.856964154947552
1.8091393026681022,1.822928105606198
1.8186082621745232,1.7255069118821005
1.8200701367486003,1.7418543725864264
1.8276719128255863,1.6514449349569855
1.8281881468125007,1.6644653747757128
1.8424748973102325,1.4614367712779361
1.8508924024980606,1.326425784105442
1.8587896567129851,1.2451410827169602
1.8593983893831725,1.235925697843295
1.8618507920176768,1.219567981741481
1.865104790851781,1.1372210197462842
1.868642716594147,1.0763956654342417
1.8688080796808002,1.0772963922885275
1.8751482286347905,0.9402703622340999
1.8770358008273362,0.9315576093090301
1.877399873242739,0.9688440066064202
1.886373384275748,0.7940569202550134
1.8921117869913937,0.6881769236099119
1.9086374114544942,0.38382552435922296
1.9103916601197408,0.347991965895849
1.9126476231475387,0.32132498636946877
1.9287099785610717,0.014348712887508944
1.9312079615607036,0.036771562052149265
1.9324167886052814,-0.044673030346551026
1.9335825390855774,-0.06821004164950435
1.9619768414673686,-0.45820111719656625
1.9629392273883735,-0.46887893834709604
1.9671420677178002,-0.5677434029187828
1.9676820821758012,-0.5437677295510602
1.9682557126369113,-0.5472213728661386
1.9735698903774104,-0.6421139095908412
1.9881280804763426,-0.7818819176331069
1.990907825737585,-0.8041136492914928
1.9945087253164742,-0.8258065530505986
1.9948672003376924,-0.8747330219678873
1.9963499072137356,-0.8365148360000513
2.0163932467184225,-0.9324030437336968
2.018137831347813,-0.942131801500587
2.0192597459552584,-1.0087616418155994
2.0335748971168393,-0.9619188747847564
2.038727849147806,-0.9537479424133876
2.045215631071752,-0.9777901946594915
2.0483149375114973,-0.9345203263454227
2.05560247790316,-0.894258566622347
2.058242717282676,-0.8954802888668775
2.0666057555162336,-0.7720716811844056
2.0675699560728544,-0.7703846573334474
2.08222099650978,-0.6337169569311092
2.0833975545675187,-0.6106020922456336
2.086967521310479,-0.559943619302264
2.1130528233801282,-0.20898110817931026
2.1159620949758597,-0.16245264721205452
2.131645379910993,0.13884575695455845
2.1571161549499713,0.5848316477177884
2.176164062917568,0.9546554172828939
2.1767749287023808,0.9641834109725262
2.1769262743198423,0.9484313144556048
2.1965180996297633,1.3227723572456722
2.197608367315391,1.3470426290601742
2.2008817089492183,1.4133895000426286
2.211114354227595,1.526382117658761
2.222971662705019,1.6583519667095277
2.2238983134294905,1.7079702848856961
2.2302795647259614,1.765114708724891
2.2448546067105575,1.906016942468831
2.248163888746828,1.9640669050551927
2.250554394179286,1.9597640149139417
2.2520446763173743,1.9304778986275724
2.25392098047093,1.9482485795929128
2.2582563718245883,1.999449215197675
2.2586774309123534,2.002671094028444
2.2608230433806176,1.9654187945363626
2.261352133306181,2.016295360723966
2.2619033714622736,2.0196935569024688
2.2640826311856674,2.0164156503187103
2.266215187277301,1.9921822594579977
2.267681223632197,2.0285516927557254
2.271782317890213,2.083309800644227
2.27754658886478,2.05628048380675
2.2870804742984605,1.9904458893667132
2.2885719566996627,2.0359630658873593
2.295106868714427,2.035595213837054
2.3204145125770674,1.8207289703118774
2.328548389197125,1.770950633502352
2.3488249825563683,1.5263325421184797
2.3496685712653793,1.4521989553333639
2.351261297257162,1.4063929511088038
2.3588230944955795,1.2932720092262875
2.3609377888933123,1.2430508629574808
2.3619276191084015,1.2692535099325815
2.3628773827255785,1.1797781224609118
2.373109914229726,1.0269725228816924
2.3739352856504965,1.0422407900775663
2.3971830502843137,0.5372882083226999
2.405071711490957,0.37406943341767374
2.4107003285361692,0.28002566037755766
2.4150307499062835,0.19702297302837932
2.4374835970881463,-0.33919372826757016
2.439384502982424,-0.3714579922580532
2.4398597988510042,-0.3354967693329281
2.449921114053587,-0.5540823406875085
2.451203050571232,-0.5906773530300294
2.455755680962815,-0.7059787302902795
2.4720219837624686,-0.9592225054447417
2.4722633332645225,-0.9755886265619038
2.4766267732350267,-1.0595888404899405
2.4883554560075547,-1.277155569671197
2.4931313815774363,-1.3785192400242159
2.496939627373493,-1.3631519866648494
2.5165060692739347,-1.6422662243490433
2.519022031584533,-1.6521415946916003
2.526828878632795,-1.7237712985118483
2.530951732113472,-1.7079538972439707
2.5391300693273546,-1.8302741673317828
2.547292799380685,-1.8780525275009967
2.551157275098751,-1.9188153378676691
2.565185021431172,-1.8899899805397786
2.567140679952497,-1.8856163422510477
2.5703142734827713,-1.9625203088535355
2.579101377381134,-1.9488890738181863
2.580096814251986,-1.954864671724138
2.582002802098712,-1.9109133243911574
2.5825842576213924,-1.9102411039229026
2.583264047878415,-1.9635362575735693
2.5979044076861113,-1.8994058552733997
2.600470660715419,-1.8801676685238957
2.6075950384589497,-1.8742050074939085
2.6234308680986134,-1.7619090064705842
2.623878890425999,-1.7561430432063891
2.6308524790210512,-1.6749834187624757
2.6345900472085253,-1.7042680659970364
2.635754272603336,-1.6418014008122044
2.6447504856364032,-1.6108560868485242
2.648628731774588,-1.578160226227131
2.6533236074151576,-1.529352557068104
2.6641789012462738,-1.4597042917280785
2.6733360938342505,-1.3870313835063364
2.6737753434424665,-1.4003549449616157
2.674532900355416,-1.3975814786380403
2.6748112672994884,-1.3675308016787213
2.676875497023236,-1.3772611275836992
2.683485542108114,-1.3228640523335669
2.687073827327491,-1.2690979347779554
2.6937460022265274,-1.219023762178157
2.6986325941754163,-1.1392258829879716
2.7011143870198406,-1.1906638875299238
2.7036476973537162,-1.0918286768581966
2.708688736170722,-1.103202256590299
2.7125672240132843,-1.035040713293104
2.714439560336973,-1.04103693367533
2.728798158613527,-0.9600430167960146
2.730446166043638,-0.9675122275686903
2.743108847060169,-0.9197476033743877
2.7436527629195426,-0.8990172193491103
2.751801703254297,-0.8368931089318074
2.7545609930394006,-0.8221579118765875
2.762250397811388,-0.8313896312962227
2.764128751967056,-0.8331390097815111
2.7675338496896273,-0.8209261684155351
2.7686638342891543,-0.8559944232926324
2.7759353492490035,-0.8417033531459334
2.778415760022603,-0.8163607784124169
2.789413267935533,-0.7947973603369488
2.7905611888951114,-0.8146117813791903
2.8100806354308023,-0.7887504208660197
2.813713320230825,-0.731492304344055
2.8231482753201638,-0.7390734068235025
2.82426919295445,-0.7956512599613342
2.827018985819289,-0.7343036293097678
2.8419664935848683,-0.8283574276934319
2.8478321424568307,-0.8380235672502935
2.8528725585573778,-0.8639945895729214
2.854860896130914,-0.8374960639054669
2.8556405783824905,-0.8497061743325532
2.865286572616374,-0.8752107998599168
2.86735397997467,-0.8311236389976564
2.8726591426965644,-0.8834769739220372
2.901669385657856,-0.8520734175248862
2.904925603124404,-0.8799617226278504
2.9196051372851315,-0.8589620067839765
2.9203133520237454,-0.8951044813025575
2.960669815892053,-0.6267370198881191
2.967282441144425,-0.6438147378180614
2.968240848646733,-0.5996874193767843
2.973850823773268,-0.5499231295916688
2.9859255300970053,-0.43769434379404054
2.9946393915359035,-0.3186339040521665
2.998620877322013,-0.2942352209873748
