n_harmonics,base_freq,magnitudes_0,magnitudes_1,phases_0,phases_1,instruments_0,instruments_1
2,1.4640572282435196,0.35073700298866556,0.4544147848685868,3.2180004111381253,1.9134137161184304,sin,sin
x,y
-4.995447894132913,0.2263839274841987
-4.958308097892646,0.2521815375139814
-4.953985631132679,0.2666987866120086
-4.948973332210159,0.26469821345988376
-4.928055999196168,0.28433335530804144
-4.919736747238107,0.31884814189115085
-4.918548796290384,0.27710345418864407
-4.905346110800613,0.31075054229477816
-4.9024020952500855,0.3007127666208789
-4.895328893456675,0.315885333080119
-4.881838281248502,0.32751569085903176
-4.881790033069428,0.33951200705235907
-4.880152952304763,0.3080983143920892
-4.878760852760319,0.33702259293022524
-4.87116022887358,0.34994485739540154
-4.869488338096984,0.35509373453209664
-4.859669987149088,0.35358114869654717
-4.843742876810358,0.38178789073595265
-4.832728640844886,0.37331941603706537
-4.829705240146517,0.38182094370836506
-4.801690000201232,0.4131510856114352
-4.796998266165836,0.38807976709985603
-4.792913892831127,0.41911045804036995
-4.791733415880066,0.41444153857659494
-4.766925993625405,0.4325322286407012
-4.762622656839433,0.42390026123493446
-4.71381934429203,0.4532482341310865
-4.713723276901652,0.46658024656274183
-4.700319446023837,0.4739004241073893
-4.694031348030711,0.48533705368994556
-4.691921665212515,0.4875906333665636
-4.675470851255676,0.49353977433996155
-4.669203721857124,0.4871256797629736
-4.647314487963506,0.5048704587449165
-4.64707486463589,0.5086531741897617
-4.637342322815239,0.49379094914979715
-4.633549190724054,0.5094373192434208
-4.612072670884318,0.5069296839747478
-4.599271777114118,0.49611779476942497
-4.577811519438107,0.5138575845750343
-4.572671344762461,0.516894838200195
-4.562785223933263,0.5067297556992442
-4.549339537996526,0.5153990368479066
-4.546987597072331,0.5298211348438713
-4.546836602116202,0.5099776701791702
-4.544734938599843,0.5120847015696817
-4.543965399422377,0.5310365348881049
-4.538020375627364,0.5307329818395587
-4.537175878854148,0.5070405914054865
-4.5225639678835705,0.51367342463242
-4.51333081969617,0.5063843388106902
-4.510123422284437,0.528758754132868
-4.506263230320374,0.5244887265903219
-4.481271370613344,0.5232634520423375
-4.480777710539483,0.5179502081651994
-4.469074525019224,0.5166406440561374
-4.461114705692291,0.5145381364423484
-4.448190956092118,0.5039197529446682
-4.446140647649724,0.5032268647150012
-4.43873572210091,0.4862399663407185
-4.435526213903001,0.49441434111476307
-4.434746337526691,0.5023201731128262
-4.426809603742075,0.4921138875563018
-4.417635735611595,0.4971006546599746
-4.416560639124287,0.4912192820088179
-4.402508995101739,0.4906586736463579
-4.388530675491383,0.4665064821912582
-4.345059340197843,0.4497708615800513
-4.3417084961461665,0.4358783533384427
-4.335136645323949,0.43571663636233693
-4.309711243292865,0.4351402846303805
-4.301320263392643,0.4186940123130955
-4.298459134056119,0.42642449621082007
-4.290725416378881,0.39841395940827196
-4.282668007323139,0.3952011219277008
-4.2824974950719685,0.3787067787917494
-4.278482432587472,0.3901112139818277
-4.274431702720979,0.4048260604123187
-4.272197705044522,0.37277707199515303
-4.270907493453421,0.39301135515516844
-4.261842494449031,0.3779365728366244
-4.257077686754771,0.3612263137005953
-4.2371946941476635,0.3494028352979028
-4.230438321750008,0.3211440439969353
-4.217786844945167,0.33286273867841004
-4.209368681044673,0.30423977408467445
-4.2025458183435624,0.30084683309616667
-4.18938802807618,0.269962907939197
-4.18426965458907,0.2629452746698734
-4.178487853097312,0.2632510697402536
-4.174728627478847,0.2504565505801282
-4.165572765226262,0.26968085199063063
-4.157258562469323,0.24417008626415249
-4.145852433132492,0.22893171714221205
-4.140067016153958,0.20276382480085475
-4.112161562890937,0.1647248097234809
-4.108718744385749,0.17261239894513888
-4.103245239217486,0.16903659692666032
-4.087242406629144,0.13904029609447824
-4.085458067906003,0.11853532095290512
-4.081185334538081,0.1269502576485766
-4.078966559824087,0.11888077600220609
-4.067192054346975,0.09315380932656767
-4.0621749730796175,0.09953143298443322
-4.060103687943447,0.10077537107705958
-4.059668396013043,0.07534237135316824
-4.049085338577694,0.07246855877659147
-4.0409845490270735,0.08263326451400861
-4.026757736561879,0.05302901071057023
-4.0079692530069835,0.014022041485896013
-4.007536450842903,-0.0057811526629407434
-4.006670862756403,0.0038268420827164097
-3.9902234059584485,-0.03628745107385148
-3.9860501953901517,-0.029937199759786877
-3.9833224553194646,-0.014022242604387246
-3.9658462705494646,-0.05892760304018139
-3.9358025565165855,-0.11796454347767857
-3.9145930616895432,-0.13744764263564058
-3.910767537470421,-0.15269223554333594
-3.8581744163673983,-0.23328483824782464
-3.851108535489054,-0.2572896009250298
-3.8504813043898767,-0.27245557206942933
-3.840597432421945,-0.29369853248305705
-3.8294552520280654,-0.2907323931978379
-3.8278168180810814,-0.3064610161814415
-3.820138152529374,-0.31792839870622214
-3.81053881259258,-0.34326447154617645
-3.7994894410918945,-0.3283062207054377
-3.781934831665028,-0.3651140750049968
-3.7770522331344694,-0.38825230922590037
-3.750193603356088,-0.4191791777164938
-3.74521754953264,-0.4429106391087857
-3.7446900113922634,-0.42680971185024613
-3.731934113725417,-0.4673019829623194
-3.7205806383845097,-0.47564649323796443
-3.7198269713662455,-0.4921583588902495
-3.7137769173396986,-0.4800671139853878
-3.7114035292832828,-0.48983548234320945
-3.706554046758024,-0.4860463414825891
-3.704085086250429,-0.491093273646476
-3.698770484770837,-0.5030586552350929
-3.6848416106115387,-0.5356664178479471
-3.670306405895134,-0.5401520738005778
-3.663630813529285,-0.5618244115495439
-3.642682641431676,-0.5943184890376645
-3.6274198821342596,-0.5977022651464771
-3.6239745085861585,-0.6369767961608472
-3.615658842075229,-0.6101151888827683
-3.611663933938476,-0.6172773172380838
-3.6051364282135347,-0.6340274856360718
-3.561563913793877,-0.6900789092855835
-3.5529787334227745,-0.6864776153428308
-3.5504337383239513,-0.681369461584013
-3.5470966199433986,-0.6992560716842078
-3.5462465331388437,-0.6888176763256666
-3.540601008694748,-0.6863903819593632
-3.5336461845376133,-0.7062040700537113
-3.5232333031249006,-0.6973092593913522
-3.5178605644292684,-0.7022426080973917
-3.50655309557664,-0.7537463241076356
-3.501056710785404,-0.7315617617161785
-3.498911403326659,-0.7383746212540526
-3.4675802987522597,-0.7468877614236984
-3.46287065969882,-0.7649490145636437
-3.4605199379436122,-0.7600894041589756
-3.4484585713852187,-0.7835822130119546
-3.428317386300211,-0.7671556135324665
-3.426702642272682,-0.7651460464300137
-3.3930408821273597,-0.8081444267159603
-3.390573697166733,-0.778833292313028
-3.38394195090441,-0.8037931034918889
-3.3836703525061154,-0.7849421984399588
-3.378615056994315,-0.7931880254681111
-3.3557770473547643,-0.8034259418767505
-3.307004464611152,-0.7960475516269027
-3.3018359513845477,-0.7974665540713508
-3.288411531905815,-0.7960288884188624
-3.280847071555628,-0.7794468865988052
-3.271065613830216,-0.7874932928831344
-3.260209777606936,-0.7998665429938461
-3.2556815025215045,-0.7991002777930608
-3.2554715387497435,-0.788819514098965
-3.2254695539361644,-0.7827362424076925
-3.220242476781915,-0.7832541883332409
-3.206699110282786,-0.7675500360971095
-3.2019332628177013,-0.7926584526704872
-3.1911774116584892,-0.7626827748585772
-3.172582915305221,-0.7229934341048604
-3.1678435899185944,-0.7383321574491385
-3.1633448769471197,-0.7490647341791283
-3.158829518370628,-0.7449465293313382
-3.1504515483180304,-0.7260907794204355
-3.1296726705434033,-0.730849173175188
-3.123364116371816,-0.7003304954730617
-3.1217423042762182,-0.70152786807114
-3.118888024140384,-0.7159954166448002
-3.111951864313127,-0.708858778001206
-3.110143420750103,-0.711570794979968
-3.1002901764415594,-0.7062330874056031
-3.0999952119475873,-0.6958040917375254
-3.0946936837783054,-0.6679394212829929
-3.0814512957529825,-0.6655619999826654
-3.0805270883821345,-0.6702562670748617
-3.077974732264116,-0.659232993053001
-3.075242549835476,-0.6585934288976983
-3.035566659495208,-0.6265745716891171
-3.0253861372390056,-0.5857014023908265
-3.0212729558803844,-0.58969979702285
-3.015898114635224,-0.5997363863236878
-2.997206800544967,-0.5789193444801284
-2.9798138813803323,-0.5411249373356497
-2.9755496305598514,-0.5475558256675741
-2.9703635850435983,-0.5435593389450217
-2.964040036553095,-0.5507612290834198
-2.942793835229361,-0.4994109746688298
-2.940844077907662,-0.4929529810487675
-2.9360617484201326,-0.4733553475102943
-2.927881192868967,-0.4646498782996778
-2.923164237122405,-0.46573814058953555
-2.904709779375726,-0.42276529172876065
-2.8903373413940567,-0.4188165639874485
-2.8860662528929284,-0.38984757087394495
-2.833791794121815,-0.3203215915465426
-2.8210395177269634,-0.2853331648447964
-2.8056364856315987,-0.2823584275923211
-2.7942818302223946,-0.2555802644820797
-2.7891720093936656,-0.2701508003133539
-2.78800709198881,-0.253627073181547
-2.783064150063205,-0.23532962990978723
-2.7820958456267784,-0.21759462887970782
-2.781675175438443,-0.22969978754510248
-2.781254574727382,-0.25501720349555135
-2.776757866489733,-0.21965449889872155
-2.7674900095669273,-0.22330498481091707
-2.758199899120941,-0.18148431403525445
-2.725450599619289,-0.13777202311127731
-2.717494858299906,-0.1442798771091868
-2.716676359068806,-0.14487142126185684
-2.7043556624379406,-0.120181920835314
-2.674811039432343,-0.08193420137566974
-2.651091970777112,-0.025799744102406506
-2.6502885790670505,-0.0194899295860269
-2.648375312742466,-0.03481650788713781
-2.617986813997344,0.026312265940933575
-2.581997810347202,0.07287820808125171
-2.581039580105026,0.07747805407529805
-2.5721050068610896,0.09950721907178857
-2.565286538777558,0.10558578964156932
-2.542633541935113,0.15699695170977926
-2.5088110018704333,0.18657779299236102
-2.508575114930932,0.19071969422127755
-2.4788266041306137,0.22141992167567387
-2.454472110665874,0.2524687359493822
-2.446575896386538,0.27872256771039716
-2.422856461725944,0.2906191780936454
-2.422509110580017,0.28219852672014223
-2.417134763082206,0.3081743180722853
-2.4160064259718195,0.31017329906946495
-2.4141101262231435,0.29601543407208397
-2.4089808392115497,0.3004241898688012
-2.4020294750961924,0.30634105273539053
-2.3959481536478657,0.32550206633036644
-2.393555656816492,0.3267592383911444
-2.3900908923899644,0.30289120380638457
-2.3790871661866433,0.3474865188932101
-2.3742732783294596,0.3541934157946042
-2.3704805410022756,0.3370173820022424
-2.370099197068317,0.35245075242723295
-2.363578329669357,0.35513844755136503
-2.360663750736307,0.35804099081774765
-2.3538927712436184,0.34744661939896904
-2.339274427984005,0.38244820403285334
-2.338404847853368,0.34938773281193236
-2.3297563915543518,0.3848412286215172
-2.3187496768287605,0.3810794078340227
-2.312379594153562,0.40739388152746364
-2.3104878458510902,0.3998494178557725
-2.289358725448988,0.40816982636393473
-2.2846011799585653,0.4060593019873439
-2.2764135017045763,0.4070974014504988
-2.2544106454656268,0.42882281653911175
-2.2507295392895097,0.42907507651008847
-2.2380838221473054,0.42599547362106044
-2.222090495301842,0.4337064845967174
-2.2191380794354587,0.4450190057595066
-2.2174596099408515,0.4373761517336268
-2.2032734952578323,0.4404799190410445
-2.1995600773139437,0.45157631212477994
-2.183806001068035,0.4358316114986662
-2.1687367098238077,0.457997526273934
-2.157811088094137,0.4542572564468888
-2.1497098682962634,0.45839454812690916
-2.1233895151347317,0.45208953197850393
-2.1216920658175176,0.465211771480105
-2.1127654139119745,0.4488873197432388
-2.1047073258529583,0.4588252577007795
-2.1021565452637625,0.443585358054959
-2.098042761796144,0.4417331812817068
-2.0972721509807335,0.43837667820715387
-2.095807663668845,0.4511405449660013
-2.0943576765025815,0.465322814152213
-2.094208461364644,0.43926268552399117
-2.0847294455548915,0.47447039420401604
-2.056500904602465,0.4437313896867677
-2.0513060969067,0.4377392258169261
-2.0444358481168514,0.4433412744021512
-2.0418578494305817,0.4299117670160786
-2.035390514533665,0.4333629946775627
-2.0085108960907263,0.4318894845371361
-1.9997075196274485,0.4226857185878022
-1.9994618394872745,0.43790129830800206
-1.9939706097694945,0.42759169730689994
-1.9619470727222152,0.41324914828547193
-1.9222330874684603,0.38126946770131503
-1.8985280242435074,0.381020999776931
-1.8965293555633336,0.3805927642548942
-1.8804572021563093,0.35596802460233085
-1.8645055456103976,0.3308070307550546
-1.860844410339233,0.3363882988122746
-1.8556389929765063,0.3538064216108223
-1.8543731993238843,0.3250767173573914
-1.8385133005431573,0.3360222020136684
-1.8232264967952325,0.30226128631623417
-1.805560232179777,0.2977716757934522
-1.79116369378848,0.28753306963766867
-1.772532721927229,0.2511146034736373
-1.768007708239904,0.24650174757843768
-1.7420819635370743,0.21845758490003986
-1.7131381466661844,0.20298557058844705
-1.707294804551911,0.20661529327364933
-1.7067144186394758,0.21340531564815646
-1.6892985223736359,0.16546007162272022
-1.6673520045127588,0.17597824580383195
-1.6655603516578497,0.17460165238355357
-1.6562387585189575,0.16936712996604594
-1.6336451475236724,0.12169836767338073
-1.6280486847095688,0.1261277473155484
-1.6279127562620257,0.1354976533681791
-1.6085845696868595,0.13024285664342322
-1.584304349500382,0.08727567274043757
-1.576086063808929,0.09171740316107722
-1.5702040417464715,0.08192635062509288
-1.5543227754219902,0.061219303809774084
-1.5381935740136807,0.05133688033435742
-1.532275884653076,0.04819157269800982
-1.5208348743346125,0.055783801191301656
-1.4875741939265885,0.016294500391204742
-1.472528547392522,-0.003114863415446991
-1.4590250953461457,0.0060056451102967895
-1.4505220865086423,-0.008048914580783214
-1.4373742062775152,-0.029815632818885274
-1.4151752287577035,-0.04745458635382904
-1.39054383121749,-0.0718542530091927
-1.3880253597941916,-0.06273797537456621
-1.3835572733987531,-0.05384868091353082
-1.3718786530246696,-0.05894322371962264
-1.3713057117014427,-0.0642357427221527
-1.3332954997696014,-0.09960687966095444
-1.3204693552557565,-0.0751215924291161
-1.3179582119610989,-0.09590713223695392
-1.3104659419035212,-0.0864128686333952
-1.3099677685768238,-0.08378600987798117
-1.3034268718039455,-0.10141321982353761
-1.3006618417767166,-0.08112595281268577
-1.2921631936255205,-0.10929612922739929
-1.2885089340859723,-0.1169496558093234
-1.287465211124644,-0.0994713806145031
-1.2785014727596398,-0.09985492591323723
-1.2597494242942209,-0.09176003748014669
-1.2370809490652643,-0.12434939548725854
-1.2334301307644768,-0.10779503201724948
-1.2233790920085106,-0.10275624591253059
-1.2143007544010906,-0.0989213766727096
-1.2000420921920885,-0.1007658870034074
-1.1946489978633035,-0.11676932815520127
-1.1783558364268476,-0.09815490512397297
-1.1756114111455118,-0.10813990628779808
-1.165324623541255,-0.09910101455505003
-1.1646620013428874,-0.11037157489469146
-1.1550448756782106,-0.11214438933165946
-1.1452738783854444,-0.11321160913206889
-1.1308961848449783,-0.10064940996323223
-1.1259837904659973,-0.1053847495776918
-1.1080955979939278,-0.07387805396209174
-1.0877870991426186,-0.06808901340794357
-1.0846656276748723,-0.08567481358318725
-1.0649117487096693,-0.0708189998835633
-1.0643216101636401,-0.06474783163408629
-1.038287989417114,-0.06089174697601167
-1.0312705315644557,-0.04792900923547126
-1.0035095810682448,-0.04294307951573056
-0.9966924228598728,-0.017806684733087597
-0.9943124872837696,-0.04891884457490735
-0.988453672694134,-0.03809730229794935
-0.9753521273603338,-0.013386497737154716
-0.9623122568328881,-0.014010486347771875
-0.9362062492957826,0.030492821003730505
-0.9222710590868282,0.02953484648740341
-0.9164583702392823,0.02497988899385262
-0.9065969026684471,0.01896570467543595
-0.8979957111487957,0.03698132569458081
-0.876851695072749,0.050570826389584524
-0.8650604801704969,0.04502128168211444
-0.8649704289710431,0.06589888619155788
-0.8615427678126988,0.06266201518674346
-0.8608136788855392,0.07086486640543116
-0.8567749022684499,0.062465254430757136
-0.8165440985547034,0.1048305373084801
-0.7846282486849985,0.14695248109972187
-0.7749789437948174,0.13503947967809185
-0.7745091717296324,0.15996405854554605
-0.7715334497411686,0.15539121894812075
-0.7356535189383004,0.18621054536115433
-0.7058036721641558,0.2140818940952188
-0.6945645726058984,0.2247012565751411
-0.6919776258581178,0.23938435717234433
-0.6751482061695571,0.24881542251893507
-0.6716658491732721,0.25545792735399164
-0.6642774615459315,0.28263709766291056
-0.6446968071024948,0.2866519526643778
-0.6368554189945321,0.2807353835436935
-0.6221762078248965,0.30442474905224265
-0.6187836960200013,0.29345009558939555
-0.6156066235154602,0.31792277778299266
-0.6130430303302692,0.3108548636423043
-0.6117886210201506,0.3120518646810734
-0.6093422039512486,0.3152844743316316
-0.6078845276314562,0.3223368335964601
-0.5879094356579175,0.32001867677828266
-0.5706343955220792,0.3547758598016402
-0.5701940879222871,0.35419144482952003
-0.560797639706399,0.3543083801846912
-0.5540062816255311,0.36021632523105385
-0.5535423526367271,0.366280836275531
-0.5515342032111796,0.38344942838791063
-0.5444222475562803,0.37286793766353854
-0.5352758577913583,0.36363523839287143
-0.532447809566805,0.37853457197896034
-0.5321751703314757,0.37138297061950565
-0.5299044151421963,0.3749111350352236
-0.5112056675906054,0.41730684782854965
-0.5014411471052309,0.40409511039034907
-0.4977470983298007,0.42584697827441104
-0.48833867033584255,0.40518760112895114
-0.469892039413323,0.42996109866843824
-0.46879548368827706,0.4450534389071779
-0.46758904296518544,0.43139012270710364
-0.46222542069010153,0.4281456080116222
-0.44811653640252214,0.43910392502663576
-0.44448325597077254,0.4281093772400361
-0.42659250639384716,0.4537715471632138
-0.4142852307841105,0.48062110089829907
-0.41168896196610927,0.46765499129346416
-0.41085266082313776,0.4797936737655908
-0.40191569498584556,0.4784192665874841
-0.38663683479084554,0.4791715179411556
-0.38302362875935536,0.4834697831865055
-0.34033153103602487,0.521104190142606
-0.3337895388220762,0.5083252659272559
-0.32113937984046625,0.5097393840511787
-0.3163586702994774,0.5114361218213866
-0.31450509686231776,0.49225133736862614
-0.30076533234529457,0.5136408005914357
-0.283028263087143,0.5212233787057151
-0.27719282380599175,0.5277970958952763
-0.26539782106713616,0.5170807154357275
-0.26247043634551215,0.5272248735281595
-0.2551858962625282,0.5125838082653578
-0.24324446117374965,0.524311419225526
-0.23893555877838235,0.5356818536800554
-0.2382131484209884,0.5150045139377549
-0.2157827593181878,0.5334748584433158
-0.21159803361815133,0.5109221306077162
-0.21057632501932044,0.5148499236617824
-0.20915397375356193,0.5103644303992481
-0.18807143102716317,0.5262988784451192
-0.16856541320895957,0.5116478098536554
-0.16185769639111758,0.5060060422049257
-0.14210741170091268,0.5138386984791616
-0.1372434261180322,0.517133805920913
-0.13266441224022607,0.5064534493633343
-0.12254598597903055,0.483979898733509
-0.10843777582721081,0.4864334714007412
-0.10066294558005673,0.4911597681441121
-0.05333105757755874,0.4523886074820304
-0.04446438984919787,0.43583673629232655
-0.013297458222893077,0.43212825350618894
-0.007725216060117113,0.4076243485394636
0.009243320619991557,0.4024887346261502
0.02951769970197482,0.35938018504925207
0.0518472318452865,0.3543131275481672
0.05271935646269732,0.3546093797101679
0.06616013286433908,0.3075230978201017
0.07593855007742079,0.315664110642532
0.0831910429715288,0.29881549742721397
0.08331508424753586,0.30986042776409045
0.08614125401132,0.2961235011476517
0.09211298564069992,0.2927366449178141
0.09316081440540636,0.2910167952645344
0.09633993334066471,0.2881347919754888
0.09822126352541005,0.2867192889062699
0.10038548626703836,0.28966475116086315
0.11244466049514212,0.29408989483752596
0.11785550353734742,0.275916763382625
0.15221520285180645,0.2092369732124012
0.15610029556571625,0.21638462270864597
0.1770616723600984,0.16988573081519376
0.1808764930235105,0.1578474930891424
0.18476854101605067,0.16536679320133332
0.19114649851775312,0.1653743929266122
0.1981175409812579,0.13315993039990232
0.20386485728408754,0.13012706003481195
0.21997596460339608,0.12497484640235913
0.22785865608639888,0.10312526894650915
0.24611743181874424,0.08448395191428529
0.259208580414807,0.052388784478634744
0.27740925202918465,0.021996517245689382
0.2836597564590413,0.014529935596961634
0.2864230726932089,0.009313261258105738
0.28964821445652067,-0.005754074924560962
0.3097728845894707,-0.045538887877061965
0.3120250286076107,-0.02640490940294398
0.32756719601811746,-0.05274395134191861
0.33405944360844586,-0.08501619360987686
0.34002042622664597,-0.10769072687812517
0.3493070870898656,-0.11234536524387231
0.3553734295723636,-0.12304925374465427
0.36898176704582397,-0.14979407395585076
0.37730698486048553,-0.16095334857019367
0.39157718597224633,-0.17627089693819567
0.4038628248433014,-0.19832955359399926
0.41519172644255775,-0.23178841489629481
0.42585836743350836,-0.2407111087656787
0.44933274930474454,-0.2663899229401916
0.4559908962621151,-0.2832486340838457
0.45875420738890416,-0.29618344096710497
0.47058423043531494,-0.31737317577545404
0.4796384243437437,-0.3386813922152475
0.48642069679205413,-0.35828684434029107
0.4905707103926682,-0.33858698787431446
0.4937893648135816,-0.3528520850264153
0.4972774186139457,-0.35529473361717967
0.49774546518834484,-0.35817994481782034
0.5316921914854742,-0.3911035480694422
0.5367767732083015,-0.4253212036840391
0.5806112003700097,-0.48562581976551944
0.5857259805604738,-0.48837131593188576
0.5960857484302089,-0.4797041825514485
0.5999926790405361,-0.5266575412751299
0.6179590290843082,-0.5346911847115708
0.6233840292550301,-0.5501098955137029
0.6269935108836213,-0.5429021653580719
0.633159245370166,-0.5595401717803092
0.6344267639350818,-0.5646129490788903
0.6347008334141835,-0.5519337928335116
0.6442500161685398,-0.5663779477399542
0.6461406464159225,-0.5914639480367365
0.6501006669345477,-0.6105817029238229
0.6515275931682201,-0.5902750365312187
0.6695971278137067,-0.602632962303062
0.6772478607113577,-0.6283331198682772
0.6918695962656471,-0.6473278921087432
0.7045656629460524,-0.6586895157647327
0.7070332916218014,-0.6509769880734088
0.7082904071452809,-0.6417221275512113
0.7312826604767233,-0.672759286554894
0.7327248529366504,-0.6787016891835204
0.734699943593597,-0.6827013342083059
0.7413742147981628,-0.6571101527260707
0.7537832906017794,-0.7228920016845742
0.7594277623003798,-0.7243815173783812
0.77012621328325,-0.7182390417036223
0.7720875985007103,-0.7162396897848965
0.7729634925900193,-0.7355043459555122
0.7739956215925679,-0.719488169935937
0.7766289196661855,-0.7142699230504194
0.7818677009039199,-0.7459981661166216
0.7898123238841865,-0.7358684680578288
0.8039503603090505,-0.7560346164528057
0.8340481298983082,-0.7514293854839565
0.8441124181458912,-0.7747701933511434
0.8492939907441901,-0.7945144408829695
0.8550222637553873,-0.766432817715014
0.855852667407655,-0.7744242671401107
0.8750544997109833,-0.7745657915943728
0.8971850554218275,-0.7907156475429648
0.8980117957722191,-0.8001990590518078
0.9235997574707433,-0.8058504715382545
0.9360461736614152,-0.7970287575414919
0.9667318322923091,-0.7853387291731065
0.9703072115869507,-0.8017069143168238
0.975731970443789,-0.8117532791283605
0.9802255984138988,-0.793487408369444
0.9871746012153721,-0.8123072937162775
0.9912918271421969,-0.8114412324742233
0.9967000745472223,-0.7844585027304056
0.9973676779753902,-0.8073928441654117
1.0149077385675778,-0.7995766704666056
1.035645971176665,-0.7849935853449921
1.041539915241331,-0.7650270654763587
1.0470843843322495,-0.7989126784695123
1.0489013521668333,-0.7880451018108846
1.0664792086028783,-0.7681143392316205
1.0753817499772698,-0.7743769204794283
1.0760897379696663,-0.7767935467981542
1.1250246517999845,-0.7392568324007409
1.1321089970307208,-0.7378469744869359
1.1438773556644541,-0.7329590042833831
1.1578714728314754,-0.7229194447635252
1.1591684709176162,-0.7109256745092084
1.1707735457418025,-0.7286812284416511
1.1812435244567396,-0.7010958709865377
1.1900736332293178,-0.6916651542759813
1.193997535006492,-0.6823382642375049
1.1958457834972736,-0.6996985481495035
1.199753609184656,-0.6860092321299416
1.2018498042876917,-0.6741373750000396
1.2603367597646864,-0.6139276461104386
1.2675725191324787,-0.6119554282011246
1.2835307244038985,-0.588790431140655
1.294724929925608,-0.5725752476094291
1.3068396574188332,-0.5529466197177753
1.30784040987563,-0.5633774328589709
1.3086150664745695,-0.5339608860570575
1.3255886397933008,-0.5296291021148216
1.346591066067667,-0.4925559430511568
1.357532962750053,-0.47939847228595395
1.3644317862568958,-0.4676635226613988
1.3667230684885814,-0.4605468813891716
1.376704314267676,-0.4603998451516652
1.3808600076247304,-0.44327240445683785
1.3906917272519639,-0.42267970864775145
1.3997822068124712,-0.42690137141792356
1.4054492337231492,-0.4193123927269701
1.4059692234690369,-0.40916890424630564
1.4081845130658408,-0.40576153506896534
1.4356906671016167,-0.3450257158751584
1.4487282464761737,-0.3364882386681849
1.4518321179913443,-0.35303946550957355
1.4728595518849454,-0.29974054777063486
1.473952364341705,-0.29741605291261536
1.4774777303870525,-0.2911017939029932
1.483560930972038,-0.27662989086182765
1.4839917345873062,-0.27333747874857195
1.4996166819961534,-0.2406490421436718
1.50723608279052,-0.2559934133493781
1.5131710451638227,-0.23826068860371982
1.5133934897840495,-0.24352284825556525
1.5445028836449612,-0.18753573617043062
1.5460382719376913,-0.17996537323085618
1.5563055067492026,-0.17104003916577273
1.557529649610343,-0.17098992283920642
1.561923134023977,-0.17838213941782272
1.5843453401366645,-0.11580675687572466
1.6221818836017707,-0.0684581421057066
1.6249775680528682,-0.0435885353219563
1.636973946694571,-0.034495916282621164
1.6549621388694096,-0.00451632270061265
1.6652648626106972,0.03107044604984993
1.6668407049979086,0.002334456611930439
1.6675359397064105,0.030863645446522727
1.6749016761082949,0.01497236359769421
1.6757577816421225,0.023349864291823785
1.6904428190037937,0.04371076376286023
1.6982419778514712,0.08371208709773448
1.6987142152116554,0.06497364779034957
1.703527191795228,0.07034676422928028
1.7349445376230488,0.1259898070307331
1.7414411604327853,0.12491467594410696
1.7710928815000297,0.1701286420420224
1.783608221690674,0.18143529864207752
1.7921866959910115,0.19772409882480174
1.7925039747099412,0.2134303634904802
1.7970762499090522,0.20504422709487968
1.8083500226487637,0.22409109056664567
1.8119256987875065,0.22147351751663877
1.8149304140528875,0.22875512464495323
1.8326559235544027,0.24524294863439045
1.8397601479764507,0.26607367652141184
1.843372775687767,0.2481981273451189
1.8445607503514028,0.2738704840564831
1.8654247393365067,0.2891029894626438
1.8859047476512334,0.3132325944954888
1.895503548147972,0.31520111788722893
1.928442605755551,0.34770846019726553
1.9419017180795333,0.3642075761677636
1.9641498022181647,0.38133025895452466
1.97403229798506,0.39147873206081296
1.9907190157310026,0.39731941420958017
1.9986555907605865,0.4041612348105256
2.0125585729759363,0.41324273460392597
2.013628431830986,0.4205883195793334
2.0411282474374524,0.41151757920598975
2.0579945888389553,0.44637225412361825
2.066261906056427,0.43412582283982387
2.067081727357561,0.44267917193146433
2.075045397136213,0.44289121481705135
2.086700551238982,0.45401769909025813
2.0873556948989878,0.43517564286247973
2.0875847310437443,0.4449100778631404
2.091477913063051,0.462862949231878
2.094511936027093,0.4427036692034321
2.094907140699566,0.44793158056497306
2.101293225957823,0.44541471603102256
2.1126231453432966,0.45190037773817376
2.1181345567676404,0.44482011683009576
2.12526016491415,0.4497544061945561
2.128628946047244,0.4503242638732086
2.1518300422749883,0.4712889565406866
2.1574661184026924,0.4577573900220152
2.163067325005957,0.4595473599694363
2.1666780605910354,0.4655170535944447
2.172529756946507,0.457106793316064
2.1744472962157477,0.44774341930358763
2.178043868777525,0.4466421247351975
2.179757082454495,0.46673935034147285
2.200131565331364,0.4392526396262945
2.200203845190426,0.4562387811284717
2.202231197434081,0.46419234135640636
2.2084394963749805,0.4607182509790674
2.2158678079300573,0.46368222292155903
2.2185371652641717,0.452993041251342
2.219249982178705,0.46413720074068576
2.221389046303379,0.4432104254352446
2.226013898441602,0.44775657352548903
2.228618658797349,0.44685423445347155
2.2447593684040203,0.44678287440386766
2.2563661619646638,0.4332144737207981
2.2663021268788164,0.43717539579430853
2.269286060313396,0.41765906128489744
2.2734971279522984,0.4458517743270947
2.275765348599876,0.43223636246153824
2.3001709129841617,0.42814513280979943
2.305245054704459,0.4279265124800215
2.3106708584482405,0.42654014697487963
2.3169440493524727,0.41689220294258117
2.3196757185886856,0.41339755402564793
2.326081013979694,0.41831247686798895
2.333077732234954,0.3951152752685346
2.3571999239473644,0.39490982833172594
2.369213485892513,0.3918981776317859
2.375911561341777,0.37317702665246977
2.3822133161816392,0.39463388587665854
2.402845011186182,0.37091088798037636
2.4212062235030043,0.3429559083201382
2.4231874946297136,0.33336204840749284
2.433479651927108,0.3531400110482255
2.433588403813064,0.3328529919797068
2.4349347303618316,0.33795853113005
2.4414261073421626,0.3443658232855205
2.4423848294538733,0.3179684697290675
2.4709535123442494,0.30666652640212094
2.471623333738436,0.30920418425112584
2.4771708683600533,0.29678817670838437
2.4779697245443355,0.2969762468340837
2.5402079867135408,0.23020637351112871
2.5475730476638523,0.2209226089951936
2.5710432136120973,0.22035156577224563
2.584895073407231,0.18165336421758446
2.589852141825652,0.197884996715122
2.594390087299341,0.18867798661876847
2.6155916047794996,0.15479864936314786
2.628616055542592,0.14489757042408885
2.63314127351763,0.162967889342127
2.6408676702411444,0.13709765326284198
2.660613075339464,0.1415058603647749
2.6629406239419673,0.12007991629854922
2.6739294912546363,0.131271021994743
2.687224240367896,0.10544597792781257
2.6925402767578053,0.11825436354724611
2.702879714597392,0.07922950895861416
2.7273913981460174,0.07446308335030608
2.7277855414222527,0.07047289815567762
2.732547176210125,0.06379417235070227
2.7444841973753515,0.06034959777885435
2.745561358521483,0.051953789238533506
2.7527180339819814,0.05100451718561198
2.7578276823041783,0.04401324352740123
2.762244479704316,0.03552624644722181
2.7770221074759895,0.02714352167262503
2.786625029934532,0.0040224945007963885
2.79162592446016,0.012271929714106471
2.799109327011598,0.011496187835177722
2.8082279463814697,-0.0025862016364086478
2.8084438875723903,0.02364425367290482
2.8089733654122444,0.011014839883866003
2.8600450726950344,-0.04099577999509656
2.8765000081461034,-0.012454087434649888
2.8782735893681224,-0.04962283792714088
2.888903869447466,-0.03728214771117263
2.8907993602751914,-0.03666917491835467
2.9102286995036852,-0.05080477641916163
2.9192328987247045,-0.06497857610542696
2.944312548828072,-0.07849927950468111
2.948745180473985,-0.07998070032931134
2.9581703102364374,-0.08241914134542759
2.9650778676466523,-0.07403228475813536
2.965557231666711,-0.07721159388614986
3.0030684159256396,-0.09526704382701819
3.0089986224540493,-0.07562361513740101
3.0137398828208948,-0.09522637456297027
3.0162318313157837,-0.08092891146896417
3.020200142837986,-0.09878460076425692
3.0314843509076166,-0.08625175633278911
3.036864387301648,-0.10678940657489155
3.0521822645645322,-0.11624230386827783
3.0587402835730764,-0.10654921740619419
3.0612570211052788,-0.1006771491560644
3.061389455333101,-0.11657734200565534
3.0811575157071243,-0.12413001561480588
3.109325312777024,-0.10616036934025606
3.111900417965284,-0.09688572104682028
3.1168637955392064,-0.08722242886409864
3.1309461771408102,-0.11007527503649224
3.145093848996922,-0.09362708651210344
3.1570585936476014,-0.11719492819442574
3.1695996289001123,-0.09687645150461127
3.170423316630716,-0.10055327411310722
3.1746991822939314,-0.11187414311294261
3.1780184122500277,-0.09385194339320779
3.181035924973731,-0.09486989784733449
3.1868650778505057,-0.08319268461410007
3.190495310256269,-0.07369401819541392
3.1962923977969453,-0.08630680690382611
3.1980067314087535,-0.09032545800174333
3.2243580797915445,-0.08142180492613085
3.2451895437352842,-0.07055454558763534
3.2502925677354018,-0.057287267998869844
3.2533955878295053,-0.05939546092194038
3.2795904388009305,-0.051528449750993306
3.283396829592375,-0.04615307619615854
3.286652697621177,-0.061396659914833854
3.2880391421887403,-0.03360275911237649
3.2966983078573993,-0.03651123981366582
3.303708645588326,-0.03689760528683047
3.304070189857491,-0.019718593962903666
3.3055942894332553,-0.03148001327286915
3.3164619606952037,-0.027131968131392466
3.318636825390014,-0.025765637119285277
3.3368522527826308,-0.024388725667169965
3.3440874997879924,-0.0076973500837217955
3.3517227396768217,0.0020760347965721355
3.3687294352138704,0.005431362199258896
3.3722204357078667,0.01325720534865144
3.374972214651965,0.011714981756693495
3.382038603816742,0.01218272256992129
3.3902239665933536,0.04846833337633734
3.396798476679203,0.028755067455848417
3.404590976247553,0.04717019703708266
3.424008446316398,0.055881644229763126
3.428063764312009,0.05245603527905042
3.4416066262384177,0.08051169823277031
3.459707505121573,0.08883588684199777
3.4628904130510207,0.10293953911005498
3.474027077609879,0.1181200461059869
3.4796349483834472,0.10675503214752706
3.483346286487844,0.10607471861278694
3.4976885339030677,0.12517042156321065
3.511118613418443,0.15236479531480432
3.5165849395838062,0.1532076712840678
3.569559988809136,0.20717269477626973
3.5865820441756906,0.2360520969895057
3.597403411374918,0.229550340775892
3.607407534711607,0.24212015581463026
3.6218425862251706,0.24957617395092718
3.6280753585739625,0.25720720999828406
3.6441375225575,0.2739495880728411
3.6452299177775522,0.28900601637316076
3.6614396343387146,0.2797335805246379
3.678081633737424,0.313413992406377
3.681861043980902,0.3179142107665884
3.6991349314101107,0.32934038011411576
3.699137929713377,0.3142641063820763
3.712905857980637,0.3422806775448604
3.714258744285088,0.3311879632509156
3.7705195361634054,0.41022516047008906
3.7720700161168548,0.39790929022319393
3.7916083532376117,0.40875610950131325
3.7974251469788065,0.4266124283129453
3.801930612516525,0.4126551665677949
3.8067783071186874,0.4148787775166215
3.8261710203553374,0.42869938170227273
3.8281411160354573,0.42752432578160776
3.8339508902301276,0.44481924995495475
3.8448205810034004,0.4657657766246902
3.863763629579825,0.46089912514382736
3.8749563823089197,0.47237615339120476
3.875569001706369,0.4594633480225241
3.9019483350646116,0.48869951511009857
3.9125659115646574,0.49237397407243483
3.9136762792197963,0.4898378543330005
3.928847200796815,0.4909697523697366
3.9392681530560942,0.49262601302657427
3.941687969782116,0.4987856290728866
3.9482980545556003,0.5107314646680267
3.9565303444478808,0.5037575454600965
3.9594854600895033,0.5089788900508981
3.9698112520108992,0.5201254139301085
3.9703679252404616,0.5186390906955447
3.970382936323121,0.49685648551171563
3.978520808947035,0.5172807712141739
3.9800504898153317,0.5152491234053101
3.9830896474683914,0.5184603973185342
4.011911697297521,0.5227594244863709
4.022925728679624,0.524032973945998
4.035808146426229,0.5121473280588801
4.044372755396891,0.5167548562390699
4.045213942857474,0.5253680901584992
4.048543817463042,0.5201116270444214
4.053742972468731,0.5518132197431673
4.0567109489263835,0.5207799674879923
4.06087459418411,0.5151034042382979
4.066083885545657,0.5360170978738676
4.073118903147213,0.5262528019309192
4.087766451898553,0.5053948291027464
4.089522131007431,0.5230161926832211
4.105025466712597,0.5085813571865339
4.133236865347781,0.49866065237425405
4.135635740897772,0.4987335634282272
4.143068501646443,0.5114819931143739
4.145707658775704,0.47790799813995616
4.147898337444651,0.4861377619592416
4.167185019705515,0.4871470558359791
4.181940332714827,0.483964811890654
4.187200576888337,0.468158161906319
4.208911562913283,0.4720944495335904
4.2171202569992055,0.458361326441178
4.219616010889371,0.4582117809401667
4.2210524403474885,0.4631804834738621
4.22233067417654,0.45646200591790664
4.226374433507511,0.4601944755907312
4.261414754621052,0.43352487625759084
4.274543970417495,0.4013231397078405
4.288300004452557,0.42302533535765047
4.305478991025911,0.39172412494397335
4.340078048705934,0.3472596000479085
4.343089217394681,0.3364739310238362
4.356035302613215,0.32114105416288324
4.364048119918246,0.33304760645763615
4.379658182069745,0.2992942713278869
4.394254021810747,0.28930900762168826
4.3968406704715175,0.27804632076126173
4.424925901906981,0.26502180991961566
4.426723432894523,0.264102620473674
4.433181902676811,0.23481835904258466
4.461377022573295,0.21084106067552025
4.469347030329281,0.17208015624110928
4.477785760074106,0.1647020693341488
4.479783827748564,0.1759126634454088
4.5021139158827115,0.13444068620616248
4.510458097786417,0.12511651731436563
4.515858418094625,0.11607546777118292
4.52606055807056,0.09223201873244972
4.529703854368506,0.09329860662005642
4.533678446096259,0.07811855435555737
4.542199264053524,0.05489261791696251
4.547874028698994,0.06320323095223827
4.561290245887829,0.04846935440259232
4.5677798267766025,0.024902517197475237
4.592746137770767,-0.008174669169584432
4.634071209612349,-0.08727158832593838
4.641012892485023,-0.10383416485846858
4.642636555316411,-0.10659469035863028
4.656374770806895,-0.13488932988677024
4.678127663456836,-0.16121405540052733
4.680519637371441,-0.1744257727079525
4.683449355630938,-0.15495787423007118
4.6876234329414554,-0.1777806998601675
4.688110087564352,-0.1909418614563465
4.697754877037747,-0.20135266391819928
4.706440931978438,-0.21435343027892353
4.714559297783811,-0.23479488815757574
4.724204335705336,-0.24379933941869036
4.75658629556921,-0.3028166212148455
4.769301529836159,-0.31328169971773506
4.7759542200098295,-0.33206559176516365
4.77805066787322,-0.3425276398231523
4.778920662807053,-0.3440132524004377
4.7793915999957495,-0.34088115492175575
4.783585371617008,-0.3408760705908259
4.7856179759327375,-0.34942321147117017
4.796226855882679,-0.3540829000524575
4.7984636660204,-0.3527365389775692
4.8255910110353,-0.42391901700050166
4.83187420140149,-0.43274265492739467
4.845701252285348,-0.445387167280921
4.861098591688965,-0.4794074333650437
4.86221515323329,-0.4626216142575601
4.86402951486787,-0.47768880218485443
4.871387317521609,-0.4712060796228569
4.9006794064437855,-0.5272641140263117
4.905277502491373,-0.5327736639557419
4.90746463162705,-0.5469225289290943
4.915025117968424,-0.5593037996307566
4.918970728464231,-0.5858184235851247
4.930289514929502,-0.5834412463876946
4.949555102065986,-0.5908313571869213
4.973927156034865,-0.6338515593958773
4.987673646568666,-0.6395194393477952
4.999576045682293,-0.6420717575572654
