n_harmonics,base_freq,instruments
1,2.0585585039079994,[<ufunc 'sin'>]
x,y
-2.9945409839963433,-0.619359403848377
-2.9930755282743373,-0.5882391010809648
-2.992757002087629,-0.6149130996508696
-2.95858937798717,-0.5592292166010832
-2.955442818307494,-0.530801438090818
-2.955184037259535,-0.5276980138794566
-2.9373333695008554,-0.5406316863352087
-2.9361527655839623,-0.5181808107445603
-2.9358863762319283,-0.5188137654156088
-2.933207742525752,-0.48316855443116885
-2.929411146543781,-0.4870617559985173
-2.928021459117029,-0.49998612343164467
-2.9248631671916856,-0.48348639182431447
-2.9243662244916866,-0.48268905201372136
-2.9166906150710235,-0.4812166378190482
-2.9164601610091956,-0.48854155622353956
-2.9070923103979815,-0.44928998025680494
-2.889069047395851,-0.41617138457480835
-2.8887125298659297,-0.4366233581688488
-2.8843365428053604,-0.418343794416495
-2.8715925971005305,-0.3780290608159066
-2.8696632613517727,-0.4016703952851472
-2.853746019282447,-0.3712027457506761
-2.852299861859827,-0.35919265912518145
-2.849509681657669,-0.305129647479663
-2.824422597103503,-0.31095350690148543
-2.8225130508386114,-0.2817454810961599
-2.8199321323156195,-0.2850930912766513
-2.815820615778974,-0.2946330569772707
-2.815704100718552,-0.2973020705906084
-2.8065734980021917,-0.24994656570044232
-2.8026050518901093,-0.25291349648011957
-2.8024829916419645,-0.23867981040421726
-2.8017910634630927,-0.25808860415575424
-2.7875639100971235,-0.25568035944794903
-2.784200937262315,-0.22221773736574216
-2.771942054431814,-0.18800037586906673
-2.7714484431894792,-0.20798264333931177
-2.771123362409694,-0.2147861081133709
-2.769663514000359,-0.18139830371196133
-2.764532140056936,-0.17021572387275405
-2.76399499279187,-0.18720404934375884
-2.7566949337535913,-0.14406067903600586
-2.753816355060997,-0.1567512148033367
-2.748921636770926,-0.1570728222397968
-2.7466253790945734,-0.12498259552179856
-2.741662326081041,-0.14259692751071953
-2.7409079558434355,-0.14513109289425352
-2.7330485249536154,-0.12519764961604762
-2.732008463456489,-0.1259466060455557
-2.72488074573356,-0.07593074761121744
-2.7171966308688704,-0.06291663619994098
-2.7157104142600286,-0.07314950996022267
-2.695149855043315,-0.04901973245504025
-2.69428578762087,-0.06591319472403231
-2.693116747951466,-0.03913047753102168
-2.6845314007571215,-0.021213957373321303
-2.6811455491769793,0.00862807090923904
-2.6803448699578123,-0.019265751558399782
-2.674673830017988,0.03349459940313941
-2.6571830125300036,0.05556715073940444
-2.6549753092067427,0.058325304527906574
-2.650263801552685,0.059072050558748375
-2.6500376844804028,0.049858720869118606
-2.643660314622745,0.07375013064177699
-2.643205520981123,0.0390510088083282
-2.6284390547008356,0.11086981522202709
-2.6269090356630396,0.1278762803806945
-2.6248609884858327,0.1378339160155474
-2.621081047971416,0.11479595276397611
-2.61889286358183,0.09552917465002642
-2.615666114005009,0.13720070633551032
-2.6141861610142314,0.13837947691999747
-2.608412718611017,0.1377967878741598
-2.6022322729364697,0.1697389745329671
-2.5958470065024226,0.17164734889912778
-2.592623379502403,0.15674078870711994
-2.5870767938293877,0.16645036422289203
-2.5837209987064345,0.19944101214240298
-2.579109283866376,0.23298555746669727
-2.5695335509397266,0.20893171955254847
-2.557199584611836,0.2640873961425739
-2.5455009993397497,0.29097226034570356
-2.53927527320648,0.30691322648146846
-2.5314023370527403,0.30899227937891177
-2.5306076884957447,0.2921550623925094
-2.5217857750646258,0.32956998366742485
-2.52058092541043,0.3379747163341049
-2.51589356626946,0.3240770427035325
-2.5140344002820996,0.33956216567373837
-2.5049869343985396,0.34758817237306466
-2.4996605386229884,0.3489654337148704
-2.4958128625951623,0.3763550596674322
-2.485073403277517,0.364446639580182
-2.4847377097015286,0.38065355525848366
-2.4813791908808565,0.3960773169029121
-2.4751119257947423,0.40330527615784917
-2.4746447893142247,0.41025086194697036
-2.4699888934724674,0.4191864855923762
-2.461486541078327,0.42322021329929416
-2.4582277537326007,0.41868138565356605
-2.441371604467758,0.4628586519108963
-2.4305244467746663,0.49979406301131174
-2.428731294230592,0.4931959283505061
-2.427529480956758,0.504275271969429
-2.4223392644374586,0.5034723458650823
-2.420117343770552,0.4963598435945095
-2.405111591768768,0.5322359725143592
-2.3981867360164726,0.5412408447972833
-2.395754223533212,0.5129007701246456
-2.389083382777105,0.5446225726079679
-2.3814930294249033,0.5912467641553145
-2.365357453330424,0.5918873077607993
-2.361589774925847,0.5844571369316056
-2.357546843633513,0.6264940185041642
-2.340074790136934,0.6288814365725177
-2.33276768747964,0.6454182716131668
-2.3150186392328993,0.679529550058307
-2.2963641232744774,0.7100732441927075
-2.2794334519173445,0.7274943921880789
-2.278382068246512,0.7459006166218184
-2.2674911588971502,0.7450893201693575
-2.2640710911124327,0.7453486506562672
-2.259550717940927,0.739319917967385
-2.2469445825183243,0.8020105153947124
-2.241318871212054,0.7947166977094479
-2.239341493468717,0.8086828653268423
-2.2219387977478102,0.8010259916682841
-2.2185400529696877,0.8059136763866023
-2.201539088469122,0.8238528306477424
-2.200169456828741,0.8160318156937418
-2.1985282377416673,0.8262401050778079
-2.197206325922105,0.843180924107839
-2.183545328630899,0.8500214748876942
-2.1770888648016613,0.834038641142528
-2.1749705339425875,0.8722420379267654
-2.1706918703167997,0.854214400700987
-2.160382230014121,0.8673752913778159
-2.1439429829367658,0.911973919054142
-2.119790535168176,0.9376744235246268
-2.116317100613642,0.913116638633932
-2.1135654803858506,0.8871264803292885
-2.1107173446476137,0.9246836821931904
-2.105544513837334,0.9229184736435873
-2.104456807649306,0.9155640187222704
-2.1015407157312342,0.9321384570810842
-2.097667153782803,0.8966095086334871
-2.0827991597866276,0.9452445630762006
-2.0823157455096593,0.93940892270682
-2.0754620431354907,0.9436418508494099
-2.0742965969794085,0.9367002471763423
-2.0732236697927364,0.9476767657737776
-2.0696915233051065,0.927373310699489
-2.069690825668754,0.9337475185522818
-2.0666427241755096,0.9583368873226753
-2.0576828812027497,0.9599013351099147
-2.0365963762100634,0.9608389709764512
-2.0269237773871844,0.9758856311999116
-2.0247458890765966,0.9703499628238633
-2.0233148388390356,0.9567588324100609
-2.013562889761327,0.9751647148006589
-2.0115882977329926,0.9566297215117835
-2.0058824212203907,0.9825211474431917
-1.996463733417788,0.9861201514950096
-1.9928886859250834,0.9737873244688815
-1.9902142416371202,0.9901810633330882
-1.986013785714916,0.9805683824093625
-1.9768289229580833,0.9814624587686925
-1.9767046100648873,0.9697065487881712
-1.9752808161624118,1.0065824540298642
-1.9694804960875798,0.981441137229586
-1.9679014291401287,1.0078011289013267
-1.9676396258321873,1.000984138718767
-1.9643000746635342,0.993445656802196
-1.9483118230040644,0.9991410962467004
-1.9232244454131864,1.01153043777509
-1.9190484801409362,1.015098625278934
-1.9099944540679485,1.0177340841676816
-1.909476111117644,1.0239848972740822
-1.9037466007632797,0.9849123661535553
-1.9015648436633625,0.997819959135529
-1.888441691786449,1.0158429870362633
-1.8827617706580384,0.9843204445182482
-1.8806650891014034,1.010728500191822
-1.857371768006734,0.9755864925615468
-1.8446368043326435,0.9907431377629835
-1.8398901598570354,0.995040262397358
-1.8236722998537056,0.9963122060473338
-1.8212420268358387,0.9896321616197384
-1.814436771288604,0.9788054186448505
-1.8131231830224879,0.9858669566773581
-1.8046505974129026,0.9423211646001152
-1.8043010689815557,0.967458161824728
-1.7959946039796648,0.9653199172228815
-1.7950263126948585,0.9598734076749587
-1.7892956936005704,0.9521172797424002
-1.78127987901928,0.9611419616657739
-1.7800451805673672,0.9637679762917689
-1.7729342714088427,0.9718457347700911
-1.766450029376333,0.9621614781333496
-1.7647507758015255,0.9510249457052412
-1.763495207381728,0.9546116623955307
-1.7617010823889057,0.9408297808298173
-1.7586221551056762,0.9501544839863221
-1.7548996529291445,0.9484062007052783
-1.7525613074620365,0.9315752276513568
-1.7498477248442417,0.9450435260489266
-1.7494393269800783,0.9213890230969027
-1.7460429400706088,0.9305995352384594
-1.733854202976071,0.9252482583602396
-1.7250338604545168,0.9132686127662749
-1.7198611515107063,0.9020083673932511
-1.714431551790217,0.9042617358272228
-1.7011786082866245,0.8972543390867889
-1.692192540559736,0.88231569034366
-1.689237973767106,0.892723066565315
-1.6855915380622783,0.8756582579847338
-1.6674434715820503,0.8617434147870386
-1.666212139672375,0.8772601172061378
-1.6647819418604761,0.876981650862475
-1.6462423874880734,0.8407144345344795
-1.6441331924957128,0.8415962866133317
-1.6337162114659742,0.8652506218684146
-1.6308863863915384,0.8175972865086835
-1.630517571093695,0.8182458948682504
-1.6267932549668707,0.8047088109030035
-1.6245611811500258,0.8119865335940682
-1.6234276655304563,0.8476659795191204
-1.6169303103894348,0.7991347035127268
-1.6119040298376626,0.8215566636741538
-1.6070824176266063,0.8095037544509025
-1.5983584019204469,0.808284231682295
-1.5930904203980547,0.8068330667057674
-1.5887262059727154,0.781934937813754
-1.5841229553873823,0.7660310546429826
-1.5805419864428083,0.7812144496165143
-1.5759945611170023,0.7358493056919575
-1.5695775504154477,0.768768857944799
-1.567455239343328,0.7466980686520502
-1.5656852894412123,0.7347908904732563
-1.5634776935204642,0.7434490891397509
-1.556433915151375,0.7493843616372214
-1.553114682480004,0.7335660345719605
-1.5512181118415456,0.7506870496672875
-1.5246300791400094,0.6899611392039294
-1.5214528960258145,0.7179347729344406
-1.5202189933874133,0.6994728322306318
-1.5199038951877042,0.6442151730703572
-1.5017538598905686,0.6503824684309467
-1.495445285422348,0.6494583718497007
-1.4833519121420409,0.6284744123922102
-1.468987965505701,0.5776653651605005
-1.4688560851303607,0.6017602897283267
-1.4638117705058513,0.5638087363035882
-1.4636854758140847,0.596886901765469
-1.4570628963876548,0.6262896371773725
-1.4494227335156056,0.5543322521925268
-1.4373985676636414,0.5405008784968262
-1.43599059438198,0.5374315478117817
-1.4358431325081895,0.5843522534315743
-1.430388986634239,0.5402370168051286
-1.4284457651524183,0.5183781317156532
-1.373659604600707,0.413820680491734
-1.371722016109363,0.4482691192924845
-1.3638708548252507,0.4442774908310313
-1.360448939266538,0.4077634399751443
-1.3461943492929267,0.3754594198792334
-1.3380179221374013,0.3500718791657972
-1.3376430591905264,0.38450008642314
-1.3373543485102162,0.380880392922968
-1.3289842345816227,0.36019947252947465
-1.324510586743877,0.34470611464891093
-1.3161702610651795,0.34391226774479616
-1.3158657026894327,0.31442152846803906
-1.30140434211358,0.30509935487521733
-1.3009826898624919,0.3093536917427651
-1.299074522904716,0.2924603547429529
-1.298043033591649,0.30584559912827103
-1.2930565924516138,0.274513257766509
-1.2868879284892105,0.29896242684664875
-1.28538458592567,0.2737378093622619
-1.2804731050673965,0.2525003427208928
-1.2685684409706237,0.23951549429268285
-1.2678393106610912,0.20334362067122405
-1.2540154938071084,0.2011227821198442
-1.2522582498099875,0.1925788674204788
-1.2320478870356837,0.16123000750942648
-1.2293152775419607,0.15037529709155964
-1.2250974477349763,0.13526494372820516
-1.2163683306212272,0.11379894752814196
-1.2107045820715088,0.11729009779416137
-1.2017710539665107,0.09683892882063778
-1.1929465360507407,0.06389054338928263
-1.1902106605801035,0.08387298552394469
-1.1880530683118287,0.04593682439860611
-1.1827229494975866,0.07052729562515804
-1.17982966700827,0.06464093151505375
-1.1746756582747244,0.07758100290250844
-1.163200712947782,0.036513358876699584
-1.1616748533994075,0.04037798202670442
-1.1594999964076764,0.015057295522198998
-1.1565180188837882,0.0007526648006379987
-1.1472484901553992,-0.0029672093304561114
-1.134312549394739,-0.05692244475959533
-1.1274929192115262,-0.04137188550447932
-1.1217641131709153,-0.044375693708245414
-1.121170047211738,-0.029465798575872684
-1.1196711248445959,-0.08617949481506268
-1.1182902060706799,-0.10103059830039104
-1.1125904581597468,-0.04689057545540332
-1.1029517062539302,-0.1369281701490531
-1.0995186661452383,-0.09562038276746428
-1.095442420563246,-0.11715619701216629
-1.0944841210620488,-0.13826965553892057
-1.0899354426194952,-0.11700445563155332
-1.0759574274611485,-0.15169989523576838
-1.0670247647623305,-0.1956286699041907
-1.0614103720800765,-0.2012787185136427
-1.059631383851363,-0.1794007514207516
-1.0559117519898262,-0.16693837947840381
-1.0535408112190447,-0.19329208394006597
-1.0502919256101202,-0.19757396243486278
-1.0451937064603607,-0.16990844820860296
-1.0407468653617054,-0.2072383105162191
-1.0314144303366373,-0.24858050381817753
-1.0309281030482396,-0.2549447438093302
-1.0141157105570981,-0.2920983269443872
-1.0107977321000567,-0.2715557594852583
-1.0037509235905777,-0.2711356187168851
-0.9830650184329826,-0.325213165159014
-0.9731031206420608,-0.35491292534814795
-0.973053237235721,-0.3589685576670739
-0.9676719428018501,-0.3835064155420331
-0.9550366495364044,-0.3914277363124385
-0.9305558322157479,-0.4342001766410318
-0.9304775666203051,-0.43654331914690053
-0.9304665471493125,-0.4258814418466259
-0.9166859185062086,-0.46128143177093817
-0.9103143558974844,-0.49007935332358776
-0.9098012891294895,-0.48847269156741746
-0.9096414927628707,-0.4764734387074401
-0.9051169005868775,-0.48881678047156935
-0.8989916679007357,-0.4865171222136825
-0.8981537553902559,-0.5023459186534215
-0.8855178335046521,-0.5199031503778165
-0.88066560098751,-0.5548198143321265
-0.878884376965253,-0.5486161977346417
-0.872559241778486,-0.552600333179933
-0.86892133945662,-0.5681055136790977
-0.8682077651168658,-0.5493017085769799
-0.86332275349538,-0.5590876940034459
-0.8621729591413043,-0.5629732522452693
-0.8616235915729646,-0.5826984509747374
-0.85835386525995,-0.561157904278755
-0.8557799834587985,-0.5424826326107363
-0.8472217048631188,-0.5701556314452281
-0.8454552242285596,-0.6020092216196703
-0.8415695518245103,-0.6035891083581414
-0.8387920463363034,-0.6014993246177469
-0.8383907070039953,-0.604890924900406
-0.8381152608149698,-0.5791030950589258
-0.8380768697009566,-0.579677078388952
-0.8085340125915925,-0.6422750271896545
-0.7976146486750721,-0.6573289055598557
-0.788755538598477,-0.6570342231846401
-0.7720151919613532,-0.7279566711110389
-0.7705145242385951,-0.7134804188061811
-0.7684581415646958,-0.7232252787272624
-0.7637215116112044,-0.7350000284282845
-0.7633209647186172,-0.7093878165298753
-0.752341533646752,-0.7378325217977016
-0.752078138437255,-0.750836957214243
-0.7454209654135378,-0.7487294412902661
-0.739184836999879,-0.7551881158701006
-0.7379398067406955,-0.7912115996082321
-0.7316725677698006,-0.7588143163181696
-0.7175085124217366,-0.7853372154336031
-0.7142813204826606,-0.7795746302305443
-0.7134594596237216,-0.7935654576598902
-0.6949664582766606,-0.7986373010950365
-0.6948786168374479,-0.8367349015998304
-0.6857871446133723,-0.8523412680963731
-0.6800502832944986,-0.7984946016863538
-0.6766130121589158,-0.802882775959085
-0.6754845496974813,-0.807886818345366
-0.6639873082051704,-0.8378048345105442
-0.6620464505274302,-0.8519003375289133
-0.6616878613773283,-0.8275587480574348
-0.6578476578149366,-0.8295521016309721
-0.6388664876814429,-0.8690816706303313
-0.6369701296262855,-0.8699992163407129
-0.6358387066128888,-0.8794052037153479
-0.6338692977398175,-0.8792332874734594
-0.6179950987463503,-0.8865627117785896
-0.6147129856799203,-0.9052406439067174
-0.6115353580967966,-0.9138301829130911
-0.6072680812537872,-0.9069477620595859
-0.6003951566840389,-0.9218567365604519
-0.5993437661792314,-0.8774657166246392
-0.5901250735891477,-0.9180696598265208
-0.5824625829819898,-0.9278630610500435
-0.5820608934118345,-0.9402972674198513
-0.5753255530994785,-0.947598729754481
-0.5724503075856919,-0.9413467458006307
-0.5721203566207547,-0.9375419846385515
-0.5693805128363287,-0.9275226595687258
-0.5691192785748669,-0.9237155397633872
-0.5514404248706937,-0.9413828254565134
-0.5451437203405711,-0.9514829619225047
-0.5389454990046989,-0.9512790635568922
-0.5335918276040346,-0.9571822763663596
-0.5083486232612264,-0.99086961712061
-0.5064964797403952,-0.9608769188569342
-0.5027975909555256,-0.966366967443197
-0.4973637941633955,-0.9609770664541069
-0.4781220941590334,-0.9985999045900845
-0.46892097300870095,-1.019918698965466
-0.46077486063568784,-0.9832074411314988
-0.45675769585229675,-1.0061292728955262
-0.4422368313618956,-1.0030066433376472
-0.4341037994230996,-0.9913939365132911
-0.4143496038683976,-0.9962464240024409
-0.3936336185710836,-1.0110437472064484
-0.3903755622859295,-1.0006939932408145
-0.3895245967739074,-0.9937793006287353
-0.3851982210119833,-0.9999974477632401
-0.38498666161029815,-0.9761457223729949
-0.3834387561600736,-1.0099233950453783
-0.38306358402090623,-1.019524440567311
-0.37820383081137976,-1.0175299527758104
-0.3692146056795198,-0.9955559903425976
-0.3594397902135835,-1.011879094326569
-0.3539466693024327,-1.0169790849229963
-0.35004627262010146,-0.9732342320666919
-0.3403635474735305,-0.9962509386485888
-0.3228185614586745,-0.9721792770962275
-0.3208411200571568,-0.9944136360289685
-0.31177633238513724,-0.9971915836932863
-0.30797146323002256,-0.9689552737463923
-0.30107713329120056,-0.9722305151567209
-0.2948571565554259,-1.0024526271695535
-0.28647799520538264,-0.978142905020079
-0.2812896655373871,-0.9715612320725291
-0.28108324786066463,-0.9886347930006013
-0.2620759996998947,-0.9511283190455964
-0.26062889375354725,-0.9785578159410855
-0.247436097419234,-0.9531249236161258
-0.24693631989236398,-0.9556300293149386
-0.2441022134580959,-0.9343883530892068
-0.24098704967136886,-0.9497961989383246
-0.2318199785027959,-0.955871589616394
-0.22452986182485635,-0.9525095041483395
-0.22439245064994306,-0.9370488401098684
-0.20820079023110427,-0.938636158483021
-0.19834410656027623,-0.9414913252058059
-0.19659345809953255,-0.9212318292791818
-0.1915269628919436,-0.938564888470024
-0.1568140296503291,-0.8897959278504317
-0.14573826455211814,-0.8699851132523752
-0.1414581999173925,-0.8660085952837037
-0.1310624915679912,-0.8312985364175579
-0.13086134575560093,-0.836318246444738
-0.11159308951865388,-0.8688033951404472
-0.10173528119050701,-0.8167026037941212
-0.09536822316298288,-0.8205475409165558
-0.07937717665668842,-0.8140934775162022
-0.06038567708101539,-0.7914030962844937
-0.05571531764208437,-0.7984112721936232
-0.0531309776359441,-0.7787920081468706
-0.05127905680028855,-0.7588635983352925
-0.05010132231678277,-0.7669396722029757
-0.045187572468595505,-0.7763534820010469
-0.04197929704954673,-0.7592228937934165
-0.03589838972627479,-0.7318158510004491
-0.027734972300438976,-0.760053945269632
-0.019306039269188613,-0.7167533537290736
-0.017217558572325764,-0.7037335430386729
-0.015679721524914036,-0.6962208614053813
-0.013450628782899265,-0.7229904048727746
0.010736132241768281,-0.6736366627277299
0.019905225147990535,-0.6898114088915449
0.033891316067211186,-0.6188168511587103
0.035628746055469396,-0.636364723312323
0.04445434037922258,-0.6395635396283686
0.06200104942757534,-0.5910323069995297
0.06407541383122783,-0.5851035195083208
0.07447171424879873,-0.5981967108615089
0.07700473281238018,-0.5682319343785079
0.07757375270847255,-0.598742074852651
0.07773322850779874,-0.5793448242669482
0.08380940965563699,-0.5529688572542388
0.0871414704421114,-0.5814824870572499
0.08831811279992019,-0.5413628237767145
0.09668184252024092,-0.5178719377159797
0.0999151369968243,-0.5424878094553407
0.11642952690872033,-0.5181600200898963
0.1217668969872232,-0.4908898428089901
0.13605628725133112,-0.4467165229895382
0.16021032330153862,-0.44861717085057107
0.1636849826161244,-0.4095353200262799
0.1691696349893803,-0.40453234217608186
0.17100133539026485,-0.4330927526349194
0.17207302904280608,-0.3891746384844927
0.17275099999076904,-0.37762427946972205
0.1804622761582868,-0.3792232449589199
0.1859920876517842,-0.37074695818618436
0.18705018201808832,-0.3472169431703725
0.19072225564705825,-0.3761984233952269
0.20351151488484742,-0.3540868428078188
0.2122117326638291,-0.3192371100867024
0.21386294215770985,-0.3094271753229908
0.21654885200942697,-0.32257834688592435
0.22002847433231132,-0.31695089415589733
0.22138207114406905,-0.3171934856500672
0.24510989091580182,-0.26625651918558063
0.2485971106944045,-0.2590884337827192
0.25275676459195395,-0.27540722385709504
0.2528741176521825,-0.2249360592063536
0.253169746564307,-0.21831430845357566
0.2560251423442299,-0.2425082968936801
0.278248589491469,-0.19907021283490164
0.28617031527119696,-0.16133680369023942
0.2894624141520339,-0.17621510410225522
0.2903418170253378,-0.17095519312891408
0.2913754348427062,-0.17504465214122264
0.3080605463072992,-0.1340025858533017
0.31537985853495254,-0.0880879659946272
0.3339923413349397,-0.03918802744124347
0.3353370584531481,-0.08778892329303437
0.34539292850042935,-0.06758163620227076
0.35012205940100216,-0.051937985906491825
0.3583063248918661,-0.018518154469327065
0.3600619209980267,-0.010108684969294585
0.36383415877670444,-0.033770763428837156
0.3641717929574497,-0.01921299960994041
0.36479878732373505,-0.026015515677376224
0.36721513281079154,-0.017354726559558418
0.3754185318840646,-0.010300322255645271
0.38776936489332137,0.025203683940985974
0.3954933966092655,0.07456042851795054
0.3981067327115637,0.02646457809897199
0.4015834677790462,0.04016512754693723
0.40441042299931595,0.05757045441551493
0.4216109165856703,0.12606796979761087
0.44569802908419165,0.14646257972915272
0.4468591572866245,0.1371964179579046
0.4470664160852702,0.17728603543115273
0.4474705422969123,0.1437725651552773
0.448771829508928,0.12275040752972122
0.45613524710413955,0.1746561858548842
0.4608832059756893,0.209633474412022
0.46249409309177025,0.178287429889872
0.48611084630177537,0.24677788146650897
0.5020285787898615,0.2530299535435284
0.5059387559352699,0.26016679539429133
0.5135741169456285,0.2698554810372824
0.5184852519495609,0.2676972573613858
0.5195282275594968,0.31089827601243003
0.5270036747820739,0.2744333204651036
0.5342219733565496,0.31544166829473336
0.5450413791609208,0.3274357866910551
0.5455506561019066,0.35651232192605853
0.5598219277010203,0.389061705196473
0.5647916049502353,0.3659969785681267
0.5665297516683756,0.39705169993518896
0.5674811097592691,0.41946630104060145
0.5684761153299642,0.4444612233584247
0.5707948580001831,0.40296844499786444
0.5747826346001323,0.40241309427064853
0.5751022198568343,0.39801894861998993
0.5817812700150817,0.40789773460459516
0.5830524183335588,0.41715283080131854
0.5882070765267877,0.4444627776034546
0.5926081484515775,0.4331205686120243
0.6013567130787392,0.4589521637938744
0.6130166982553851,0.5001974221372097
0.6131625350593115,0.4681180413521213
0.6175747754150418,0.4789170122418263
0.6193364521790388,0.472271859172553
0.6200040295424696,0.5102616381505334
0.6213739796486424,0.4867594462330591
0.6247077327574102,0.49877150491756717
0.6338559668887527,0.515811732535777
0.6352693807999499,0.5210232862993002
0.640580096705607,0.5251359850654933
0.6413574927764607,0.5431292143341914
0.6437758513074252,0.5743114055133256
0.6567043468531524,0.5726468512162687
0.66523311431156,0.5926508247036751
0.6657002021815126,0.5641063495068713
0.6669903750362312,0.5769381768151745
0.6711811022502658,0.5665812502424681
0.6729570415595263,0.5654425395303124
0.674612971750979,0.5715750088129963
0.6766142607706964,0.5931283473329196
0.6776714312339758,0.5812203502252549
0.6814662975182948,0.5722305411557326
0.6820020398277515,0.6080221593422813
0.6822253339904139,0.6115101984959237
0.6855415632501414,0.6143230992127542
0.6933448103072517,0.6158503492225624
0.6956276057925654,0.6230327105750962
0.6987152255855582,0.6504507917131443
0.704708160386696,0.6538776112924045
0.7080291481441949,0.6309513886332542
0.71679718937202,0.6622863315320111
0.7222623006299678,0.6840848914830864
0.7345725001409011,0.6718002261410922
0.7421035029775078,0.7234757908522005
0.7474420987907733,0.6928326986824785
0.747902949720685,0.6967055080625025
0.7511859886819354,0.7088952954907447
0.7522601549308696,0.6939414779022881
0.7653153607616474,0.7150797871081006
0.7671298952665087,0.7335895554145435
0.7739775028521927,0.736015355495533
0.7755936175858134,0.7306069424144153
0.7994976012543127,0.7684064486932349
0.8002116108076489,0.7659383263319142
0.8029518363640502,0.7459801699715719
0.8043537905343872,0.7741210193197156
0.8048355520704567,0.7892251378423597
0.8134222912846965,0.7825198975865477
0.814869709434813,0.7504412754445885
0.8213767367379381,0.7763244406492587
0.8269403138585236,0.7938102395547944
0.8465071939202216,0.8216406863104152
0.8581118163668666,0.8768221197260101
0.8853901136679312,0.8440408771754558
0.8972268030933881,0.8690915671704893
0.8974581867525835,0.8798485308183935
0.9008421535281848,0.8670509862975858
0.9114549197703723,0.884272957382293
0.9195562619954503,0.893689651228706
0.9237546967304375,0.8922097878058901
0.9243987006004932,0.907279579830943
0.9245057793134395,0.9267296542651904
0.9265701918413485,0.9185085643007934
0.926829925765634,0.8995357949984073
0.92870467536049,0.9264414742995427
0.9339796057245913,0.9179381941125966
0.9367124369571163,0.948281321466492
0.9383922839988328,0.9306356614742995
0.939803056421511,0.9429032440471371
0.9537159623190412,0.9349875493556182
0.9691393982456171,0.959013628615868
0.9806024059682885,0.9328523067480722
0.9850634773330427,0.9321783205309856
0.996789702078761,0.9696657461328827
1.0008718335666522,0.9846280480827143
1.0012948713635836,0.9689068424596028
1.0016393107290433,0.9776590800719845
1.004070507627107,0.9637825956683422
1.0194159854597231,0.9770818099288436
1.02450095073426,0.9834426656778309
1.0321963268535024,0.959961459128626
1.0391215870872346,0.999417372134652
1.0600294591802335,0.9842009810984921
1.063501967929458,0.9679231187260783
1.067875179657677,1.001817546912614
1.0681252423716385,0.9955988340797384
1.0812203079886054,0.9983415066101644
1.0837540802529944,0.9842168204442918
1.0895685666390582,0.9816145305362093
1.092962270920471,0.9911605278793586
1.0935614777427176,0.9839989131424559
1.0989218196354624,0.9854839199698575
1.1003130366414826,0.9862724399847717
1.1136479288786925,1.0184967330738364
1.1139037181869353,1.0073087486464898
1.1263662451023428,1.0040520463955815
1.1264037384100547,1.0127617976495595
1.1398489923663364,1.0014353572828831
1.1409844397566546,1.0090025679161976
1.1420739771406945,1.0093316888809147
1.1451228959295658,0.9944756048384606
1.1477151373367063,0.9926955806581518
1.1490645298072835,1.0020346194517353
1.1495400841762384,0.9784087072216506
1.1512759732284366,0.9993178737944518
1.1540958828661303,0.9969448387028428
1.1559607313451545,1.0053451869774361
1.1587608355570254,1.004595662095066
1.1596872531957354,0.99705199511538
1.1781142955583155,0.9719198700562883
1.1872890227095159,0.9785139150973498
1.187999639485417,0.9865215789081715
1.1892383855408717,1.013735129493281
1.190476447965378,0.9915710408437192
1.1925933533204853,1.0129034185286871
1.1964669348159962,1.0119094054904811
1.2084777671834246,0.9715637525681525
1.212497906587302,0.9865213697786462
1.218021317625734,0.988587181860372
1.2311393882629087,0.9807361686664541
1.2337791637529172,0.9676380493175359
1.234162843503439,0.9639041634215149
1.2399558690502026,1.0146687292740955
1.2400244474560251,0.9724331495342303
1.2538248341005644,0.9626121609465291
1.2581013541281383,0.9561506514377403
1.2649047823327644,0.9647859806626987
1.2667307164124075,0.9526490336405198
1.2700108396523158,0.9510293114125264
1.273790047641274,0.976821883907452
1.2828593038612892,0.9544332885584893
1.2880752891508047,0.9489625957274974
1.2905950781151931,0.9615315409920645
1.2977707268287944,0.9645381986701802
1.3035295950850188,0.9705895639477952
1.3056646432069297,0.9394281953977954
1.3057530506314023,0.927445347039024
1.3147658155920645,0.936259534598682
1.3166169401818335,0.9412973911921741
1.329342219690722,0.9366410250387597
1.3478713737242458,0.8750704892549729
1.3543005257695615,0.8879747249917436
1.3640282530601269,0.8856234185397988
1.3749779025338906,0.8573737275333705
1.3777510773596822,0.901244287681116
1.3817487170162712,0.8778381050793456
1.384995632164336,0.8849260580680809
1.390962042990978,0.8749941332883637
1.3917345950594342,0.8669727957955677
1.3999434149293633,0.8429845177186116
1.408603875177774,0.8353136655181299
1.4154583670179726,0.8174790678356726
1.4374353210797661,0.7759736998725931
1.438333653237235,0.8296813499840094
1.438627743799148,0.8010822136822037
1.4512638628923868,0.768617522236229
1.462757181860102,0.794124150785008
1.4644861996641678,0.7731090008291569
1.4714945838725058,0.7558211082997911
1.5138801110307059,0.7434903909662819
1.5218105698070943,0.7322067739271366
1.5254989041072822,0.6948154444338248
1.537902401133862,0.6754514820700224
1.5409952359180004,0.6739327430289178
1.5441518460623467,0.6414934501757015
1.54447020433365,0.656642057519924
1.549940086880154,0.6761866732864803
1.551355996733597,0.6829973795187159
1.5530700640466542,0.6702174028983953
1.5792064566269532,0.6177832211723409
1.5792307348569272,0.5970501106153354
1.5794672222359871,0.6294219311985918
1.582659005308214,0.6182059288566337
1.591545102363101,0.5654606870044627
1.6081470313709474,0.5864359008290532
1.6174086575902704,0.5273707416470642
1.6256496353660186,0.5302376380143584
1.6310617010540254,0.5089646620209233
1.6356855132130335,0.52863946054154
1.6413643508342473,0.4917544109408516
1.6420366504685848,0.5065154314323949
1.6603850856365439,0.5046663472364821
1.6611004273570895,0.4771351732904268
1.6773422253503094,0.4262540353641013
1.6946119309813747,0.38260152604393355
1.6953276341351788,0.4208372387732258
1.6956440486747146,0.4070820803774361
1.6964381196141476,0.3830657382882314
1.6965552575141576,0.4074221575424294
1.710303128177551,0.38917543844346364
1.7178532445686168,0.3680831408068591
1.7189552108311368,0.3708245522809637
1.7216415993430063,0.33563227713572996
1.7238055645625252,0.3678448827115596
1.7288741718237874,0.347719149176676
1.7512615579899302,0.2745085187732376
1.758973658968972,0.3010570529701796
1.7650580329250545,0.2537059996608284
1.7668313687545423,0.2551650376007706
1.7728069826121438,0.2792597237130828
1.7837100850372511,0.2471511759037363
1.7873664276938754,0.19241548803014685
1.7893984262374092,0.2508617159023744
1.7910164038173297,0.22922696347231886
1.7988505255919973,0.213332142595254
1.7992302459328435,0.24058857394405797
1.799278667055546,0.23127777535525282
1.821655855621417,0.13585635659265405
1.8217937554981782,0.15523874356472003
1.8345041445256935,0.13740060328461232
1.8631229059643104,0.07879389660938703
1.8786502516271062,0.050413800507485416
1.8864356760984897,0.0033170226151453576
1.8892307549922407,0.043335619442019586
1.8907022614526685,-0.006976165136318248
1.899789093977553,0.02826737679651565
1.9143557507206168,-0.03345704159251864
1.9149320276009085,-0.019020632191403902
1.918805606563554,-0.03615231736030353
1.9238786350949297,-0.05532039636866457
1.9248430934731982,-0.032164520720829023
1.9283566853434309,-0.05065288889939716
1.931812012141525,-0.060243142166630875
1.93315071857723,-0.053322202221921786
1.9344295678301462,-0.05557741851564467
1.9364690029351372,-0.07486008771109891
1.9436699441781062,-0.10438686015231759
1.944632913752466,-0.10418415147114436
1.9535315241815772,-0.10070769533470945
1.9659728959388953,-0.1539858336779084
1.9745972027329017,-0.17268579740200793
1.982054857221895,-0.16927250503251462
1.9840452438951486,-0.18390603522963866
1.999929731640842,-0.17623107589168668
2.001641122133341,-0.19713296971408215
2.0023286051229228,-0.19452155398726376
2.005317734596452,-0.198349196305995
2.011456457395985,-0.22295869846770114
2.0131235975853503,-0.24649524408250628
2.0147005502480733,-0.25286587586619086
2.0191684673531727,-0.2667618610053188
2.0209439268892533,-0.20370258811112096
2.0240783683839254,-0.2642988826750801
2.02664273941689,-0.25463670408189676
2.0343849925181576,-0.2830752242815634
2.0422264989240455,-0.2731931251815897
2.052529107362292,-0.31447349105107186
2.0545205299555587,-0.30014219327586605
2.0610796518485763,-0.34734802172806445
2.068165450977144,-0.34401971068480997
2.0698416177832444,-0.3523901852198208
2.0783107251228774,-0.36542272337387893
2.0844300756272798,-0.3544563982759935
2.088132130148022,-0.36263955634510076
2.095614350965299,-0.3784622769095496
2.0969381648172014,-0.39186248413121577
2.1069529047564153,-0.41461758274916594
2.1128653158216606,-0.4229248962345737
2.1231777054613454,-0.46495455289097776
2.126591167611082,-0.43602231967444743
2.127492642704973,-0.45905020771027427
2.128353930445334,-0.4771601496001431
2.1364384548008726,-0.47562417786316097
2.1375923855072303,-0.4643617425064149
2.1439543891301653,-0.5134742551753487
2.1533034609094663,-0.5093824684826573
2.154190355429993,-0.5119030356251033
2.156478588463864,-0.5280140025338935
2.175481783932419,-0.5181630224962939
2.1791425203715518,-0.5624297770800833
2.1800271720481916,-0.5466976844028854
2.1801565217608365,-0.5370843832150162
2.1802419940441755,-0.5656500822940785
2.2002269089789266,-0.5778719478246933
2.2041905922731644,-0.6016015995067241
2.208557478147359,-0.5982840591283206
2.2085646829997057,-0.5488194517925609
2.2189532622311656,-0.6100335332348347
2.221254483616404,-0.6167566460031119
2.2290156277013056,-0.6067945406094889
2.2308358845443736,-0.6227470817479037
2.2328021658317088,-0.6196312458686152
2.245322256364066,-0.6421659735780774
2.2690310783943692,-0.6971168271093751
2.272342902872932,-0.695413641516238
2.29846830974061,-0.751586690158416
2.301310226556958,-0.7054536887858609
2.3050368789664395,-0.7593276562168871
2.318722250262221,-0.7419789217083037
2.321595824083733,-0.7631699009353654
2.3220659783425557,-0.7640555262435504
2.3241155922641417,-0.766673359040904
2.3254934496816073,-0.7738204102424694
2.325860592287289,-0.7742528022957093
2.326685768401174,-0.778132513976373
2.327641070221861,-0.762566206403984
2.3279211077311954,-0.7704452787810727
2.327977678312786,-0.7975033405763636
2.3288415648395002,-0.7569865522261194
2.331278120706086,-0.7784079749265217
2.352665656289693,-0.8080876075924865
2.360600247601032,-0.7954825687759355
2.363235302361474,-0.8234175832176587
2.363489457854632,-0.8142755146342068
2.364648598258478,-0.7920093731973392
2.3685100323881674,-0.797863534576484
2.3805221655124083,-0.8344537548365024
2.380572542283762,-0.8580409919991957
2.3830424270245016,-0.8471857798957518
2.3892592716142564,-0.8420414727068005
2.390134636507348,-0.8229913059693306
2.392004207572227,-0.8621727267789897
2.3943074307175864,-0.8558608255873899
2.3958678121685457,-0.8341099297379923
2.402742394965583,-0.8738386328130234
2.411694258873913,-0.8676790689304469
2.4143824064207013,-0.8919530413135404
2.4155172792862407,-0.9003356781096008
2.4184749410179105,-0.8750358148284356
2.4274607342516834,-0.8783732169169036
2.429452160831598,-0.8921352565136449
2.437684086714958,-0.8795870630822907
2.4387863162686276,-0.8955391513927042
2.454594212649784,-0.9115667664546231
2.456326040434245,-0.8993749976246777
2.457607058375004,-0.9266581037803402
2.4590440328969976,-0.9109780869252695
2.465198159200403,-0.9242491678332222
2.466870287698331,-0.9311022763280283
2.4762764078431916,-0.9419327090096099
2.4796866536613216,-0.9345912671899256
2.4987699840678026,-0.9315596648210327
2.500111477268902,-0.9469948331726349
2.509242935056461,-0.9357292803271705
2.5111692771657266,-0.9450167337081696
2.51821901157028,-0.9686901618391646
2.520872313664327,-0.9711555061804016
2.5213352075764988,-0.9749194810487298
2.5253429500678584,-0.978686025052316
2.528300464572019,-0.9540523196394178
2.5283570587518946,-0.9495940794530662
2.5340330260662736,-0.9463220559131403
2.541874804219547,-0.9753924467348466
2.5533101986719906,-0.9763691602790495
2.5696307601679687,-0.9800489863560772
2.5731196867178454,-0.995043634464822
2.587735334916072,-1.0153637310889625
2.617094222902863,-0.9909847507234609
2.625837285337756,-0.9776232746057323
2.627217401225608,-0.9747737811215562
2.6391280598939444,-0.9952349424239735
2.6464907920933314,-0.9925621456047591
2.657538525119401,-0.9682892707839494
2.658641491046506,-1.0011512805847322
2.6598880371832525,-0.9862830122894742
2.6673493007128473,-0.9938207534548278
2.667495558457751,-0.9792151558114277
2.674099778355818,-0.9881556140404885
2.6825742181936754,-1.0020628621258933
2.683497449661778,-0.9949353279481701
2.690816480979212,-0.988990169799433
2.6916220957381816,-1.0106096401141793
2.696570504086716,-1.0023912075237436
2.7008990956687375,-0.9941716133301403
2.7033570194104533,-0.9714804882652427
2.7058307473898804,-0.9931196360103253
2.706480339301966,-1.0089100430599367
2.709466233037963,-0.9990653867121984
2.7104439868655055,-1.012088974567767
2.7120446410876857,-1.005279851074256
2.7164228918387687,-1.0228164358829133
2.7172103544784987,-0.9720936870896723
2.7179049534949264,-0.9910829324273103
2.728897434007508,-0.9768999405217327
2.7398476467761768,-1.02039948422231
2.748783626882969,-0.9603644005332163
2.7497369447341464,-0.9717761850423936
2.7500487797512676,-1.006554454954872
2.763739162743388,-0.9595514049054759
2.7686390406618058,-0.9476250527687249
2.770337518008686,-0.9829667118638895
2.7978698375950923,-0.9658948862929841
2.805299896186952,-0.95357184626119
2.8179987957518264,-0.9565111350782204
2.8199849468715215,-0.9425046646535783
2.8253004891159623,-0.9704198361970531
2.833745562876212,-0.9383030894039792
2.8365151831489577,-0.9423129201310674
2.839735232374869,-0.9686023893275264
2.8453261708916298,-0.9293770412995601
2.853942709053764,-0.901704959061641
2.8562270879888363,-0.9029633849598093
2.8654470162935883,-0.909971320901382
2.868211645293826,-0.914841469661867
2.8706719752934333,-0.8899580711847077
2.8756702860883134,-0.9062729566859055
2.8797306521408608,-0.8974559687054123
2.8857667954350195,-0.9164621643857414
2.8999720753580345,-0.8688386107741314
2.90911540951042,-0.891129457394957
2.919270157654921,-0.8699210501206769
2.9217708466796655,-0.8739941225052217
2.922479258855672,-0.8545246583251397
2.93072860279959,-0.8444931716830588
2.938809502610109,-0.8577277207064916
2.9389927807533534,-0.8524227378694043
2.941288401325102,-0.8522928537586915
2.941755754036234,-0.8539525839355122
2.942296951044744,-0.8362449577600907
2.9431740423877306,-0.8107871556393664
2.9449093655402168,-0.831728879406189
2.9488479845510227,-0.8475316982364484
2.95067414709579,-0.8309890344151784
2.9508378182819524,-0.8177102107969
2.956451633028747,-0.8344450623437188
2.958013894703366,-0.8291592920792158
2.9581488331722188,-0.8202935512981451
2.960363305948399,-0.8085441369546009
2.9654956922173348,-0.8075479335509439
2.9671869484330937,-0.822601190325155
2.971258177885474,-0.8069548914639582
2.978619453582798,-0.7755395333385362
2.985897655156636,-0.7724562851838749
2.9890737359664037,-0.7758703243292161
2.9905598261208794,-0.7728951680939428
