n_harmonics,base_freq,instruments
1,4.532914866545617,[<ufunc 'sin'>]
x,y
-2.9939925099462057,0.8181498796367831
-2.9850527824673803,0.8451587612065586
-2.983914783326247,0.8371572586324686
-2.9833917776742522,0.8348381325197507
-2.977825480768656,0.8094161371873752
-2.9754995687192,0.8934433553171955
-2.968017424686184,0.8707257606378431
-2.962914966637362,0.8702615218306008
-2.9623790342068723,0.8747630960667493
-2.960656703868725,0.8914398533783112
-2.9604821626169215,0.8406462253325248
-2.946580268960467,0.8879825546394287
-2.9234365047237354,0.9381571459771758
-2.9211548877920466,0.9467039670570253
-2.9189235830251943,0.9590463944451514
-2.9099445373980153,0.9775388304729181
-2.905947737271632,0.9526379227925436
-2.9035535945220854,0.9903032020309884
-2.900144414273221,0.9688433904443909
-2.8973030542810783,0.9698161611918753
-2.8936175352486186,0.9877039574659001
-2.877885532501974,0.9960519541504116
-2.8753225856641063,0.9957663676531662
-2.8739531164606884,0.9828439802697706
-2.868543209695269,0.974921800307305
-2.860241088058459,0.9852183826006987
-2.8597603310000173,0.9681626677954072
-2.8540867121668008,1.0123240231460684
-2.851201688572878,0.9713221648180342
-2.8438238458202756,0.9891500526720239
-2.839518995367058,0.9955045796500576
-2.8388015846296546,1.0077855969514309
-2.8380184063352827,0.9689654319430632
-2.821378188852959,1.0017666413992794
-2.816527461228624,0.9805922658661401
-2.8095774110919183,0.9669023926187618
-2.8080028568541944,0.9662145916806735
-2.801227361721657,0.9782916512262982
-2.7981178280712076,0.9728120004382177
-2.796392706905418,0.9605738997445527
-2.791937735564449,0.9404322334523895
-2.7753096260012766,0.934512624309536
-2.767025261021559,0.9172031180044837
-2.7609539985098834,0.8939625089770691
-2.760566543531925,0.9192647459059956
-2.751517300442859,0.8861597879317695
-2.7507102078806334,0.9013137562528396
-2.7462204631259497,0.8700259748945223
-2.727518260274086,0.8367193319627951
-2.7233653592154443,0.8722299283075787
-2.718776256508253,0.8473660037322543
-2.7065265188367347,0.781761564891747
-2.682339292506608,0.7367544066294602
-2.6820835408864507,0.7216603113193909
-2.681912199306308,0.7112256712020761
-2.671696726799842,0.6777756863558757
-2.67140152102815,0.6865251811716209
-2.6683227639361826,0.650031716022398
-2.6650597788810186,0.6884355026009633
-2.6621529762430685,0.6419879628071253
-2.6473987707748465,0.587820944091639
-2.645061295517361,0.5971523356722095
-2.6411400685619624,0.5700638068184093
-2.6215236530293806,0.5110982258462489
-2.6213307476468724,0.5101056342405577
-2.620921225664606,0.5172439348316465
-2.6201064606080173,0.4901961437059804
-2.6191004085485936,0.5059056513617679
-2.6104399665140408,0.47012015085003656
-2.6033470464291995,0.4413921444073465
-2.6023672918602783,0.4435623885398151
-2.5933044396815093,0.37341683662575814
-2.5904132643376054,0.36794207143242
-2.5894390032076915,0.3770687173952158
-2.5889707279816285,0.372940996688803
-2.588334155604151,0.3837400782517473
-2.5600216594659986,0.2572653706610088
-2.5547721264363448,0.24709578906155794
-2.5540776580749336,0.22543469684799444
-2.5504249363883416,0.19561351213854017
-2.544018405942859,0.17926878410822952
-2.5435823914074627,0.18708873319057936
-2.541157014960737,0.16804791153515486
-2.5362434625934904,0.1734593147829887
-2.5214345427140032,0.07050394872665454
-2.5211569662556306,0.0596299726796865
-2.5081199487235724,0.03228569891113093
-2.4919544807312572,-0.077611017175683
-2.4884020276813876,-0.07049893088970269
-2.4806833735382643,-0.1081749723292557
-2.476393622402915,-0.13113942641182277
-2.4712993757261263,-0.13005316251211319
-2.464715423654111,-0.19824363279838783
-2.461023379322252,-0.2013066691692526
-2.4531236450194314,-0.22010223342676
-2.4497533350080847,-0.24154709390488344
-2.448561353193795,-0.2438452969692668
-2.446799142921865,-0.2595282262642374
-2.4441860083858487,-0.2700994342877846
-2.439827166142015,-0.2870929574529481
-2.438027033044973,-0.276548965368438
-2.430370504453971,-0.33633331847978803
-2.4195458122786784,-0.38566365808069236
-2.4174947256124204,-0.4042930687565164
-2.4174697988483382,-0.3508513062431988
-2.413691247101679,-0.3904163147296401
-2.402264310092624,-0.4426471006451406
-2.3943037310129567,-0.47475866399824224
-2.3914941021343123,-0.4999220658434817
-2.3837606252050274,-0.5281549233425523
-2.3803916728387318,-0.5227799175429898
-2.3760130129803674,-0.5582913287423877
-2.3697601874290424,-0.5744127847515893
-2.348736260013875,-0.6533078789289888
-2.3484832727830653,-0.6760684791019848
-2.345327972065193,-0.6797841443281066
-2.3437702219769396,-0.685054849331353
-2.3418639617999135,-0.6651867293599827
-2.3343626023376,-0.6769167360647375
-2.3341769156496417,-0.7150106422803048
-2.32651099809745,-0.7166576749854432
-2.317327857773725,-0.781003443356484
-2.3103590344056286,-0.8087033452120262
-2.3096810465257622,-0.766766350409688
-2.3090941181678906,-0.7903324937499374
-2.3076037792297694,-0.801840791146222
-2.252785318569937,-0.8896872438498834
-2.2293633176908365,-0.940853637755125
-2.214760900818854,-0.9507015379917247
-2.211601982839124,-0.9627402846906015
-2.20860020986635,-0.9721097190167243
-2.203128496370102,-0.951154693202952
-2.1963958775578414,-1.0100180029155732
-2.185039380583092,-0.9855679008094004
-2.1811893432801046,-0.9740948451002274
-2.168977608103792,-0.9878664915215836
-2.1665571865087343,-1.01297681670692
-2.1518176332513566,-1.001632501886189
-2.151120278559766,-1.0378010725281235
-2.1508234069547347,-0.9986631138425275
-2.148857280866432,-1.0070933812172584
-2.1414763032952218,-0.9979003282170525
-2.1316757038418443,-1.0022103362976789
-2.125456730500874,-1.0061818217212086
-2.1218996562362054,-1.0000601932295665
-2.12179158531959,-0.9824889213396814
-2.1194454120057653,-0.9878925138605348
-2.1143901420710094,-0.9976637626430755
-2.10127710243033,-0.9494532193261885
-2.097337169257994,-0.9414813448155058
-2.0921628629970863,-0.964576147420712
-2.0851900150437856,-0.9343983264733253
-2.084310313787501,-0.9687769164187459
-2.0841036914822224,-0.9502183177066358
-2.076649985156309,-0.9379742393148682
-2.0684026687291124,-0.9109527315319064
-2.0656811851813885,-0.9149739235835368
-2.059696530103964,-0.8869873888232723
-2.050449636983017,-0.8488354936999298
-2.0503460941806875,-0.9040333457026093
-2.0486627693583035,-0.8623261436468933
-2.048551149581389,-0.8811332830205747
-2.0383860040656314,-0.8472891169448363
-2.0268058297035276,-0.8280343812079772
-2.0225085153036972,-0.820397169691618
-2.01936058487694,-0.815777771718529
-2.0170882295988926,-0.788142560290202
-2.014993669121501,-0.8068619483042941
-2.0053030341213818,-0.7825989555377758
-1.9932406937124574,-0.6991745396808762
-1.9886928929489385,-0.718531064065852
-1.9852031345239023,-0.7029711427543687
-1.9720230228173559,-0.6503759206726217
-1.965749421931945,-0.6399014478861292
-1.9640613723032496,-0.6238883145274109
-1.9629806895205935,-0.6247060524669561
-1.9516586397236797,-0.562593659585311
-1.9355152227168957,-0.5510966102025645
-1.9344440904305247,-0.5433865429767979
-1.93421281576667,-0.5463005769740139
-1.9239732889056183,-0.46004485718717564
-1.9220077718774504,-0.46288913093645
-1.9122453993937303,-0.45132439521186685
-1.8912368071044405,-0.358314992238609
-1.8856342241457256,-0.347978353377124
-1.8757524871362266,-0.2584822769851658
-1.8737378725021092,-0.25458345091722934
-1.8636135449051554,-0.24790014057086593
-1.860791544364581,-0.2090574206123699
-1.8530508124794092,-0.1857642715108116
-1.8460049560466616,-0.1588165805230514
-1.8455435537289813,-0.1430746938578017
-1.834726583096994,-0.11236013421630166
-1.8343648008907825,-0.08768995633193316
-1.8340778438786116,-0.1351804054946696
-1.8330702364283673,-0.09774872242348194
-1.8064252792678646,0.009159151028764653
-1.80513039542753,0.05268851869389044
-1.7999809490776666,0.03420633478076575
-1.7722504934325458,0.19878144942408357
-1.7716206945855586,0.19747356724583334
-1.7586025380222505,0.23348387748679733
-1.7565402248804236,0.215077580227367
-1.751754324002889,0.2601835474789613
-1.7499495533317904,0.2918381115438158
-1.7470300738211042,0.28827002263152957
-1.7451523535224736,0.2882757603384522
-1.7450303012416095,0.31868531114994114
-1.7449153110459028,0.2645349528172658
-1.729065182156717,0.35628198621063456
-1.726332668855607,0.3498655554711284
-1.7220032222993016,0.40568942401106967
-1.7195649625164307,0.38121569672039773
-1.69008881610284,0.5185309182917688
-1.6866370364905252,0.5366163590386204
-1.6832155578076533,0.5163807023106948
-1.677343045939173,0.5765539806024831
-1.662628592520596,0.6212935294716374
-1.662137371442869,0.6405946328417008
-1.6537972989889669,0.6714440035234794
-1.6529694438348776,0.6440238858900322
-1.6526929002902198,0.6930887325321946
-1.6466895773484433,0.6877357875007408
-1.6452552753940606,0.6825424935756812
-1.6301424236907553,0.7147443202788325
-1.629571907387598,0.7249289465295174
-1.625250124910583,0.7406058772564973
-1.6251363772103302,0.7621596404355365
-1.6250260447374802,0.7613188250718074
-1.6193468465438337,0.7597641710693869
-1.604562526217133,0.80141688468888
-1.6023028054087733,0.8233207588248161
-1.5941177684128114,0.852256367044013
-1.5866781753856667,0.8521839689059492
-1.5866501348274606,0.8735528879040048
-1.5864551342973408,0.835680477284014
-1.5851724957824271,0.8967583529389154
-1.5808778641160433,0.906377267071885
-1.5771098016433618,0.8561331029911133
-1.5713229109073235,0.8764773214401868
-1.5671371515787273,0.907726464478985
-1.5629831111956733,0.9114025557255069
-1.561131134080457,0.9164825127691114
-1.5465137247802825,0.9323452260292573
-1.5448648271583592,0.9605980237182709
-1.543422198447899,0.9459912720262688
-1.531587699198212,0.9410857103831404
-1.531314379029407,0.9579681858594736
-1.5245417675560304,0.9681375095059902
-1.5107631874098206,0.9652307699086583
-1.5103575411531605,0.9472686573293678
-1.5047769565997202,0.9697883703044566
-1.4999793378314092,0.9869306727828417
-1.4976380698595044,0.9788280040733827
-1.4894257302736216,0.9887832762431116
-1.4840677586548514,0.9808460434973991
-1.4807621362603698,0.9933110314835976
-1.4735143548080385,0.9973478128557984
-1.4693670927199738,1.0168563276411802
-1.4557372034656144,1.0181947332424974
-1.4476139976883848,0.9813710812979096
-1.442049265917779,1.0142016442437136
-1.4276277991197088,0.974999406040162
-1.4262439052459877,1.0008414362890719
-1.4259149887702491,0.9882652401117322
-1.4088525727820025,0.9683855951336671
-1.392971524145093,0.9644384034687411
-1.382937129600048,0.9377098374958474
-1.37653332932527,0.9160477440482478
-1.3625572856697543,0.9070123792132692
-1.3520706102127777,0.8660626766528065
-1.345170457387472,0.8719755340133345
-1.3443918192536541,0.8764726404368431
-1.3306289404032952,0.8165081542147986
-1.3236602070041064,0.7818950131071521
-1.3228828343512837,0.7905672712329503
-1.3208920792922274,0.8051714362843104
-1.3128958089936866,0.758136230418137
-1.3102932445940856,0.7627814396679827
-1.301965099520933,0.7187683323069398
-1.3017746128435281,0.7574337950427472
-1.2902994851369156,0.6932985452146597
-1.2809319258537235,0.6941027248063587
-1.2746656729012573,0.6391484592266221
-1.2742231465671192,0.6436575906442451
-1.2674529344185768,0.6044716045585401
-1.2524569834196115,0.5465602512495709
-1.2518934759459244,0.587138834979169
-1.2434843769457973,0.5408353719251962
-1.2425426485493918,0.5409084531556476
-1.2255022225679526,0.4635039020350054
-1.2233348275207132,0.43879044443824483
-1.2216555244327016,0.45732778623003056
-1.2214726841248782,0.47233933921553417
-1.2166845324060063,0.4310367008715131
-1.2161516215091825,0.4308433355167066
-1.2130882860628027,0.4070100478574446
-1.2111988506727485,0.4295004213442382
-1.1999671342828406,0.3418129824176071
-1.1976129512290612,0.35019245665986903
-1.1955658746276743,0.3378994124389884
-1.194943389613617,0.33915391018662494
-1.1915483481452593,0.3174152711200423
-1.1859088109365783,0.30821461641014714
-1.17598867288645,0.25490533582891667
-1.1747166966072327,0.24527518387819616
-1.1709342482744727,0.23458024822997578
-1.1597351958633066,0.16486161498276106
-1.1499674685320012,0.1211446559749832
-1.1458031251519343,0.1079963658117023
-1.1445799991929173,0.10409207073523481
-1.142874084528522,0.13429131424591348
-1.142732026051379,0.11203865933465296
-1.1376250754304553,0.08464621055532431
-1.1319940839151672,0.041507546261628045
-1.1066582454682259,-0.05354803129208148
-1.1065206461737567,-0.06685887669575952
-1.1047795300500365,-0.05637915367223053
-1.1044257109174274,-0.046930220817931065
-1.1026899296290387,-0.08822064980142981
-1.1023862813845222,-0.062259425203190784
-1.1018516088889483,-0.08065761505535064
-1.0973460260132264,-0.11464110814092955
-1.096590984636973,-0.09638822651706028
-1.092146291813724,-0.11879937309354958
-1.0861895987580026,-0.15330056307501044
-1.0854057024646162,-0.16695971308173754
-1.0700875013074824,-0.2497475094378919
-1.0679508078291375,-0.2225848037581299
-1.0608788840827483,-0.235555536502285
-1.0605193264914243,-0.26583162614435646
-1.0543238326336544,-0.28696212278688416
-1.0382352792572498,-0.34636077613683713
-1.0347984171288798,-0.3816541666260859
-1.0345742768850006,-0.38556647537182526
-1.023839486055657,-0.436566397381142
-1.022830288580868,-0.41865758132560166
-1.0205975927951048,-0.4474231933709353
-1.0109983354413536,-0.4831485774384636
-1.00771652280465,-0.47503506360014397
-1.0020115360587105,-0.49392656795008005
-0.9898939170720844,-0.5499035753526021
-0.9854268758495923,-0.5833908162949906
-0.9851702233826782,-0.5682057275232382
-0.9846979635745567,-0.5756027024676198
-0.9808091855068541,-0.5676811511493718
-0.9804930497490982,-0.5824654600172001
-0.9752362748651278,-0.6067361465242249
-0.9749832667857383,-0.603704926385173
-0.9732500606002876,-0.6310264190799172
-0.9666306276384926,-0.6167165157119197
-0.9646676441386086,-0.6500709131226688
-0.9642881684043774,-0.6434820305874237
-0.9642091015869001,-0.6213618632701863
-0.9639195674149645,-0.6242652366251802
-0.9633747277681968,-0.6691393056265404
-0.9580807839252743,-0.6694632121003079
-0.949686554487192,-0.6934030072315888
-0.9485032153851192,-0.69652493410073
-0.9479413459994537,-0.705368533071828
-0.9429327279794113,-0.711852215013211
-0.9419423513730969,-0.7292613950726584
-0.9364136303836719,-0.7376649763991713
-0.9243005819161123,-0.773228714012399
-0.9210252487804835,-0.7824769276321073
-0.9146561691116242,-0.8091230166389988
-0.9133581497416472,-0.7950450863350199
-0.9103562809005736,-0.7912864877709553
-0.9092234096101515,-0.80710886481271
-0.9078635123911316,-0.8155825108726938
-0.9049082757258375,-0.8229870123297792
-0.8957784528335595,-0.8515282440492496
-0.887955553018704,-0.8781679302836535
-0.8852249279367177,-0.8668178816382359
-0.8806819643379238,-0.8912573592673931
-0.878603217032893,-0.870031707925905
-0.8765911741512582,-0.9024687560262488
-0.8750353975755774,-0.8942194244002981
-0.8488462456211163,-0.9348185543755367
-0.8469798124262988,-0.9318066878207183
-0.8399055808623253,-0.9558202107001746
-0.8258059732939831,-0.9753144970355856
-0.8244549247290891,-0.9682614300055002
-0.8185508151383529,-0.9697758213776435
-0.8159140338628887,-0.9744463358969564
-0.8098557969342828,-0.9584579943508655
-0.7990929084279887,-0.9878964518270884
-0.7973475760169442,-1.0057591481113137
-0.7942338363201089,-0.987265740973654
-0.7843780571564816,-0.9871331877998235
-0.7609590119945691,-0.9992967825239666
-0.760614882299711,-0.9842804106874486
-0.7527267650966092,-0.9780824697470945
-0.7329486040779205,-0.979031683697478
-0.7282873113801696,-0.9828558880520939
-0.7210665496910975,-1.0031627789325188
-0.7198336746395548,-0.9426049749677831
-0.7143984401912347,-0.9609842617369749
-0.7111288286986879,-0.9782817001875452
-0.7085135297896326,-0.9370067028150852
-0.6996379305793612,-0.9084300832918965
-0.6990638139622747,-0.9592172565973232
-0.6987347416916441,-0.9432146248427267
-0.698450832893688,-0.9257011797712369
-0.6941507989994924,-0.9294321326540769
-0.6920518853002386,-0.9259149269531307
-0.6885686425485273,-0.926208110821982
-0.6791197441923087,-0.8992277988126792
-0.6783738854167725,-0.8995018122326724
-0.6620439739231143,-0.8864391352213793
-0.6592089231709952,-0.867571218938203
-0.6581182094667044,-0.8873692104667152
-0.6561208069012743,-0.8420406626489024
-0.6556008224026098,-0.8835050958385502
-0.6477279033062242,-0.8670631593586544
-0.6474406727726247,-0.8415830728669746
-0.644139778291577,-0.8405509144013775
-0.6317393858330727,-0.7992217757914484
-0.6260515009739649,-0.7663648188190929
-0.6231572945084967,-0.7718275691045674
-0.6179043122536463,-0.7733712142283544
-0.6103500587423953,-0.7442300750590888
-0.5964408131312209,-0.7231890619039827
-0.5409873186709189,-0.5008520636774303
-0.5332925671233095,-0.4728041119199466
-0.5190782077551521,-0.4191446823975671
-0.5165313864595289,-0.38835216562118724
-0.5145640324881184,-0.3936201873683386
-0.5006596123806153,-0.35618528318408316
-0.49096377299799965,-0.28382949010314656
-0.48926539191260554,-0.2824711973644418
-0.4826084770775969,-0.29549873791196174
-0.47772554266630873,-0.23625941102957457
-0.47466495575411516,-0.22655419909339666
-0.4689321458272251,-0.20966398439821243
-0.45057059186410386,-0.09835594760037891
-0.4502371603685944,-0.09982477646996052
-0.4485112096890207,-0.11152303152337911
-0.444449288494595,-0.08737371351466539
-0.4216687561692094,0.010572531852701947
-0.4091083797270678,0.056993562575872334
-0.4072646759279883,0.0922018547950918
-0.40700741732094414,0.07611667286150481
-0.40390872701708913,0.10534604994623223
-0.3968681334600559,0.1398286555187818
-0.3944757451462251,0.12767424697918822
-0.38327569107136705,0.18462156898953597
-0.3808790400675752,0.19996006062127217
-0.376936471308877,0.2340272564578812
-0.37654849768536636,0.21730813293071982
-0.371523153918937,0.24773583902014573
-0.36268974658078834,0.2822440345206862
-0.35143750971777,0.3467228739987197
-0.34831895343877495,0.33403613750003797
-0.3426206529804503,0.33041355395545424
-0.33607847401108515,0.37555343190529905
-0.33086686467503945,0.38948234193863523
-0.32634981564453724,0.4412000758732572
-0.3216551173909217,0.4566301187987562
-0.3119763296253142,0.4871988480507985
-0.2983736240117416,0.5808417440193755
-0.29740543136425046,0.5470948186719883
-0.2973014425894345,0.567852386842455
-0.2918576963460193,0.5746557067571293
-0.26653436326499946,0.6861814009761499
-0.2642192111257997,0.6533488347844214
-0.26090342013012435,0.6740206793621161
-0.2524563939807072,0.7408394372016106
-0.2502060802765831,0.734733121359554
-0.24915286148347526,0.6968367725837339
-0.24657713408940296,0.7205939788762143
-0.24567255933922727,0.7068212920465141
-0.2398599455273609,0.7219083801881103
-0.23067174748390729,0.7618088217939392
-0.22650085483856897,0.7823261471431198
-0.22340364532600843,0.8057107435795451
-0.22244309420215203,0.7889841470864688
-0.2177196152247185,0.802901047712294
-0.20301904277262173,0.8606238772751638
-0.19554343040332967,0.8531134666743813
-0.19134491951651933,0.860469076302898
-0.189719636840727,0.8857079567239037
-0.18690934229498257,0.88864256612568
-0.1813487759279946,0.8957075929307168
-0.16842337487410397,0.914500016894295
-0.16745142022507142,0.9294531804690965
-0.16644521886118824,0.92077749034636
-0.16143012538226742,0.9191854843909686
-0.15233564460186422,0.9637781242582911
-0.1335730204164567,0.9779560969062999
-0.13107330399187056,0.9921263965127155
-0.13082964802037234,0.9714608562583021
-0.1305424453693016,0.9655955263196134
-0.13020248609351537,0.986151114353245
-0.12869296370037553,0.9587084019953123
-0.12463316326688156,0.9807196360792483
-0.11552499684296702,0.9817130385783248
-0.10281467662184784,1.022070719558303
-0.09950502183629872,1.0045468150591281
-0.09500992312364565,0.9742886624599988
-0.09075669585592472,0.9710936620460359
-0.07957142870814815,1.014702984837754
-0.07863328328700803,1.00880694292787
-0.07776598171571925,0.9694450627534583
-0.06892036415716696,0.9882724199943635
-0.05929981248950078,1.0156864264289673
-0.05548111366254105,0.9845734242184407
-0.043926151161114646,0.9723945472169181
-0.012438736477966117,0.9759756154268995
-0.004599906877710502,0.9422006746056907
0.0007272400941893409,0.9106358588522763
0.010393904963909684,0.906275575104069
0.025410579023399826,0.8990430217418388
0.02740271015899287,0.8974669572973223
0.027887469066373516,0.9022362107949209
0.03430256228473905,0.877899335186652
0.036338512711985516,0.8925951136633848
0.06037390960053646,0.7962872039149683
0.06702792391062129,0.7824269454176114
0.06716638834691313,0.7823961923430905
0.07017222350705454,0.7930117871840792
0.07250672951504855,0.7819199382117954
0.09064618838397465,0.7093651070182121
0.10255477053310269,0.6526064718881868
0.10539136672609306,0.70266947615219
0.10599723783637449,0.6679769982222908
0.1118357456084853,0.6082683324443945
0.1202728964795794,0.6001065158650182
0.12439947847413801,0.6129401800087558
0.1273308241373292,0.5970114584699283
0.13170553816539776,0.5739056471186121
0.13512797637085505,0.5600161331798165
0.13872121069705035,0.55092339431867
0.14388559758903297,0.5357023295142287
0.14881057384970875,0.5050782204983739
0.15090213218193949,0.545501717212923
0.1572585702146383,0.484138602161714
0.16216534592014842,0.437172558568638
0.16592609723403307,0.46545522585606575
0.17066234376108413,0.4007510178902637
0.17117255207147952,0.4019064278344654
0.18153735101742763,0.37346643118500816
0.1817171483219231,0.3663879417118289
0.18439657674420085,0.3646029640087316
0.19206594409844735,0.3258451426097788
0.195859221389179,0.30445086563192425
0.1982442464940335,0.3206497749886291
0.19989643973770432,0.3140603086713387
0.20837792362053076,0.27928212654950546
0.20888789805690067,0.2542337755686269
0.2109202703875872,0.27472137402112834
0.22459294793262918,0.20489053057327292
0.23839119258800867,0.12250929166511676
0.24462900913513597,0.1150528091505231
0.2522014837572337,0.04468865843335387
0.27121198151020387,-0.050275254001214936
0.29197224081506645,-0.0958384708978063
0.29298533062866294,-0.12149877630065187
0.29479046420506716,-0.12070647037401434
0.30381306163642163,-0.15840736309104278
0.3054201550117064,-0.150943135747339
0.30697655215819,-0.1941184010132145
0.32304153440679695,-0.2554099645661145
0.3232588157055276,-0.24337819216885406
0.32458672310773906,-0.2547907116211186
0.32476219140306695,-0.2984068236605661
0.32666285613458923,-0.2629266848618189
0.3298318571771528,-0.2825143020812108
0.33821942402272676,-0.3392406497564394
0.3423202397390037,-0.3157893133160553
0.3678557314579374,-0.4396359247805637
0.36789281292580256,-0.4429032693843713
0.37409735639251274,-0.4513625797314782
0.37553975952912166,-0.4911574827728337
0.3810180654080666,-0.5201806037210978
0.3856056269444439,-0.5328830283111045
0.3856185625226871,-0.4709610744798166
0.3922145213424555,-0.5449624216240506
0.393336566447799,-0.5496674142768158
0.39504899064796994,-0.5479255619088939
0.4004567949923037,-0.5656903354094974
0.400580094082037,-0.559098448896677
0.40102610472043443,-0.5560674842698159
0.41510226880027545,-0.6108543914544976
0.42487869769789466,-0.6765164949463848
0.426570652816185,-0.6379619136931773
0.4301144262577723,-0.6831085444580388
0.4304681619317354,-0.6683129941446065
0.4307793590005655,-0.6815396055632996
0.4366356529397972,-0.6723425390346337
0.43716485704330577,-0.6972982709030271
0.43907874797367175,-0.6973156494357677
0.4473603208177761,-0.7046960638128491
0.45431035885380266,-0.7489993940525967
0.4759084094679582,-0.8253266891456061
0.4871654403994494,-0.8476434006881604
0.4999941534361181,-0.871250946255088
0.502156212175791,-0.8883741516050946
0.506410471613914,-0.885098661263191
0.5140614173925906,-0.8985019549946386
0.521933377771167,-0.9164616032461197
0.5263112002163717,-0.9430625098779302
0.5295556105471415,-0.9266956403063179
0.541477450403852,-0.9250211003097408
0.5584668096214447,-1.0063064846975505
0.5600709065013518,-0.974316551508083
0.5603083478594018,-0.9472530311917167
0.5672357353508914,-0.9921372934184522
0.5687423742092967,-0.971791360681458
0.5757478912813525,-0.9641909980160265
0.5902108861003779,-1.0061999215429882
0.597216638222879,-0.9907587460250243
0.5992061922625869,-1.0074526031500037
0.613754381754525,-1.0053558860067424
0.6169915774766812,-0.9863096507337255
0.6229963042459463,-1.013560680109667
0.6438173501636135,-1.0001667316913194
0.6441352573245296,-0.9865565511778039
0.6948926757567855,-0.9325252729728661
0.7020311622665867,-0.9419300503107959
0.7186281172795415,-0.8962335584885655
0.7193997276544026,-0.8732326192624434
0.7262642244740452,-0.8811462205622004
0.7275237950397448,-0.8896449031500627
0.7335795299183312,-0.8661129148697914
0.7414297258033757,-0.8535634218127522
0.7434629164271422,-0.8576319795126954
0.7453307417217587,-0.8161825753643577
0.7473632558749443,-0.8381791920682694
0.775164754213642,-0.738823518237002
0.7753751062847849,-0.7312591988741683
0.7766925000226759,-0.7610711562717568
0.7817457718365013,-0.7337977932481454
0.7829457462187026,-0.7250549860374506
0.7915538815445515,-0.6946945613197725
0.8019991477511059,-0.6464606296494549
0.8029532148260881,-0.6590335465486916
0.8122743854034407,-0.6215238545564618
0.8225717259220504,-0.5875329230368191
0.825247934181288,-0.5671645496037149
0.826026753665468,-0.5921869960028093
0.8280493165087535,-0.5477426148115385
0.8283729549436889,-0.5428443975454457
0.8435287173613428,-0.5136678474274939
0.8487402934287349,-0.5097276437302368
0.8607382668848551,-0.41242470374119083
0.8652231513943396,-0.4311262017482597
0.8684980330783074,-0.41165474698957677
0.8757014113993353,-0.3708041608315675
0.8767657076212654,-0.37750041338522716
0.8842427948395741,-0.325434625076163
0.8858727983356101,-0.3434960050573011
0.8864008208392762,-0.328918751652714
0.8877273698061643,-0.340718748030591
0.8890922562171664,-0.3355587716338074
0.898969272908964,-0.2616916896601987
0.9109728218242701,-0.1911973620429183
0.9192551482413638,-0.19321019483150847
0.9262549602711947,-0.16308150194991916
0.9278422688542962,-0.1333494162672327
0.9290264475173471,-0.12607929727997944
0.9408444438852568,-0.09270766039062352
0.9414965724615678,-0.09732166012594302
0.9517097811852762,-0.03839321233570801
0.9520573716023693,-0.03949001091055905
0.9527578136209414,-0.04199998001713742
0.9531961634448542,-0.020388985823171266
0.9677699699965907,0.016578284634729528
0.9788040480771194,0.08576549685708995
0.9821508615982295,0.10251184195200473
0.9825086695351675,0.09349641016313164
0.9885597719239225,0.12587161294096674
0.9897546428184727,0.12655825498079007
0.9938934844635856,0.16582206684981152
1.0047157654885162,0.2031351806624091
1.0047911594701482,0.20866024653280535
1.0066748168793156,0.1800590387334468
1.0098432082341722,0.21899530073439308
1.0139304770798638,0.23232876566117758
1.0159675204499221,0.2663075062055551
1.0332169764755958,0.3250106454459156
1.042876484573,0.39768258697746955
1.053369627173292,0.3958773854591945
1.0545702138820037,0.4233091425156443
1.0620901302046875,0.44609941703835304
1.0677236755452286,0.4614112595131531
1.076298875462463,0.5019943183273473
1.07673187101752,0.4941166931823224
1.0820371736538812,0.5193131535611887
1.0900939067172404,0.5403825720572142
1.0972471524444387,0.5562568824471691
1.0996092978893115,0.5863525714375311
1.1021039233360455,0.589951898988824
1.1035721148077071,0.599022288284301
1.110950868687551,0.5913529485656558
1.1127272692449885,0.6361863915691013
1.1132967618799592,0.6239865934637004
1.134354824190428,0.7288155401815091
1.13930231816094,0.7329431017752445
1.1393454794697488,0.7119557057641139
1.145917389804306,0.7330880449460645
1.1683113711835293,0.8181141792261598
1.1689168942810815,0.8108420151167686
1.1689194301820978,0.8129133906171251
1.1714141054476714,0.8066204400384339
1.1802584714728122,0.8593293364850917
1.185070962504927,0.8347492509670092
1.1864990152260892,0.8510797473819866
1.1967582228534681,0.8674201922338196
1.1995938952371477,0.8858603603272052
1.205797616815361,0.8809288740151143
1.2162343875720891,0.931674330052511
1.218311394831881,0.913004023529146
1.2195901679854098,0.9196951134919404
1.2237018860939273,0.9296304855563403
1.223809785709701,0.9326680058352047
1.2399877356819262,0.956720039717062
1.2481429136845827,0.9705043450382097
1.2626430942010538,0.9890781671280816
1.272820727927007,1.0037880073738958
1.2730185778293137,1.0015290921983317
1.2870935684439146,0.9780769553159141
1.2932038450998018,1.0056256507388104
1.2994148806983041,0.9837605531701243
1.3028180489451167,0.9953446589129934
1.3046690960260827,1.0069013488724692
1.3075438172327187,1.0082761793355928
1.3125685616523777,0.9947209308166215
1.314139406635113,1.0065377006306562
1.3191078220653987,0.9778989498434217
1.323036520374603,1.002976992989457
1.331380658123555,1.0012577377402858
1.3502012235714504,0.9899312113175818
1.3667776224949195,0.9883381308104758
1.3797640601480987,0.9514184862827023
1.3856078475246019,0.9522845227611357
1.3889754346617202,0.9480720778491154
1.399828403949222,0.919364942438271
1.4019418267216341,0.9027124418099017
1.4045414594763797,0.8954727667767401
1.409309336868362,0.8731396375870089
1.4144036036467647,0.8621637404096542
1.414837370029705,0.8763474498873336
1.416017549301265,0.9036002745737794
1.4308354115793414,0.8067344440525591
1.435650528798054,0.854478194758817
1.4420576190507566,0.8351161327144562
1.458968448657524,0.7513777572396816
1.4704052386173379,0.7438010259107602
1.4721076955098198,0.7236573877651461
1.4760268135448236,0.7168499291341293
1.4774238906970423,0.7003519749002958
1.4793876543628333,0.6813848633160801
1.4821714524486191,0.6928063123975333
1.4821808569958073,0.7325071984969109
1.4855713465914588,0.7057786467968564
1.4942800124163274,0.6787281424653476
1.496628262802755,0.6642560307158742
1.5007745964856225,0.6525300097491856
1.5015037605608113,0.6064938557696931
1.50271429885583,0.6449014639927985
1.5090400693673214,0.6023262071211825
1.5114140037444503,0.6140268885634571
1.5128263043675965,0.5832432159060581
1.5129151160373695,0.566047810124744
1.5167673965105495,0.5860486772369567
1.53076833890756,0.5032104771783257
1.5359002779879543,0.5115731072688479
1.5374051775604087,0.502708772917033
1.5455288928497515,0.48633800092013124
1.5644068931313315,0.3911152914893084
1.5666941659768145,0.38469920133420915
1.568555999047705,0.34258775055931745
1.578416189554117,0.32903504043529225
1.5819525077166476,0.3147864778682527
1.5898259946485078,0.28086421808004813
1.6062863867164676,0.22434203969041344
1.6075709396949023,0.22508097302548066
1.609348569139728,0.21273455067359626
1.6095822851741701,0.2259985148872154
1.6202584978561392,0.1529800956032547
1.6263551776490441,0.11622664899010117
1.6279817200460887,0.12762578971495633
1.630756963190473,0.12428227642490638
1.6326929012904703,0.08096810697262538
1.6345530096121026,0.09578256176048983
1.6374567654006427,0.08825905430817874
1.6404157571503006,0.06873960603929148
1.6507876162879258,0.01858194252404237
1.6531594885537393,0.017403654802660113
1.6586085846893637,-0.016180753968360613
1.6598097882571317,-0.026244431858978096
1.662891896597941,-0.04782909698389343
1.6684074403499993,-0.06013497996958951
1.678555546288088,-0.10733436625643374
1.682032897009206,-0.1282224999718615
1.6854652086628565,-0.13117864711548888
1.694733240895319,-0.17444664098830462
1.70387113720321,-0.23124781165886682
1.704085873359201,-0.2086593723056089
1.7053128461176659,-0.21598802789274407
1.7082195553893254,-0.24855096191175471
1.7121186737113865,-0.25670894083088125
1.7155703084137945,-0.27007298616816855
1.7488123861715525,-0.4223074917606287
1.7718657593526794,-0.5315863849864684
1.7768114462173976,-0.5157098751665602
1.7786322379191581,-0.5612681626245005
1.784802000586418,-0.5772695150121577
1.8065228896931504,-0.6197349023977268
1.812968336731596,-0.6554425056542754
1.8234498364276792,-0.7009049810721388
1.8390602957498832,-0.7577552845319188
1.843135090314627,-0.7646214177209238
1.843281717181819,-0.7480507321794048
1.8476602134742404,-0.7544517924842401
1.8479992121371192,-0.7624404557515443
1.8665514871075173,-0.8235596460317459
1.8705128534119257,-0.8195023287962777
1.8705759847407784,-0.8577811422459591
1.8797977649573667,-0.8476593639252715
1.8887129873108481,-0.8730169919385995
1.8933124330684974,-0.8924466408793621
1.8987424292279886,-0.8918461821239361
1.903083654353889,-0.8864678140154393
1.9128844417716149,-0.9309645494744416
1.9170300898812975,-0.9405798735728648
1.9240789632988626,-0.9642248015791335
1.9240826376333846,-0.9398710847311317
1.9242860320838693,-0.9383296768293196
1.9246279284247088,-0.9312115266571641
1.9257620635152506,-0.9573664230777207
1.9473652024005004,-0.9899945519636154
1.953216662157124,-0.9708826285518111
1.9627022690555602,-0.9966927751358913
1.969345248608736,-0.9818055093115828
1.9725132605992979,-0.9796978828866603
1.9738672396882961,-0.9866168843614533
1.988231868621832,-1.0115859624279357
1.9927082248593537,-0.9914340562013509
2.0038356616910518,-1.01362160876718
2.0148374025784825,-0.9896907356176038
2.0263952377982326,-0.9961320612023471
2.0353780427201373,-0.9908958964805831
2.035971833101489,-0.97640120120688
2.0396395031899353,-0.9637463792876781
2.042124948902047,-0.9842098534228425
2.0422911882469874,-0.9664281938674439
2.0489841194607763,-0.9779540487229746
2.0509955447631576,-0.9728911546137788
2.0580431598090456,-0.9677506438754613
2.061937565578935,-0.9505516427981864
2.0661466398456527,-0.9521418663059139
2.070527756073913,-0.9492728476235822
2.08032042980515,-0.9176101070800571
2.0890498512917874,-0.8969020919790941
2.099411328862713,-0.92576740720752
2.0999754749469464,-0.8902777796817659
2.105221699633626,-0.8877340784495107
2.105526209427727,-0.8948425814435175
2.1057615049935423,-0.9009804289631348
2.1085621330798077,-0.8768053505775422
2.1094642290376813,-0.9044202830700735
2.1159204572143384,-0.8676845250748639
2.1188360571436275,-0.8595445787187449
2.1198944618150346,-0.8554060550427711
2.120521609191809,-0.8423099641183313
2.12813824203078,-0.8391300551067392
2.137159834108619,-0.8147923739350571
2.141272528583406,-0.7895958640519306
2.1717126289648245,-0.7330118030759463
2.173379774158435,-0.7132922126099184
2.182859824580615,-0.6667232102918936
2.1845329012520374,-0.685906216146033
2.209353598851953,-0.5783481986852383
2.210545329923627,-0.5899939707344828
2.212972113186513,-0.5718824614648894
2.2134047589287995,-0.5521883581390705
2.214420125571399,-0.5790489392545927
2.215699590181023,-0.537150888617996
2.2163824825292595,-0.5680363869752281
2.2219830614343987,-0.5402992596066887
2.2300897307388974,-0.4725137966807184
2.2330643857525043,-0.5152163778257213
2.2357872599289657,-0.4655878932753537
2.2464200600457254,-0.416657528499332
2.2602247446519392,-0.40245289481112684
2.2638087069671053,-0.3443944078908311
2.2642479734047134,-0.3638305166082799
2.2681427945777344,-0.34914262444761096
2.2704757187643487,-0.3156784172930147
2.2750716500655637,-0.3130812402898516
2.2757140527779214,-0.31228788545868347
2.2759141843190465,-0.29867251085917684
2.2828314896390838,-0.313155903987575
2.2955326821002853,-0.2214452087238337
2.3110607335749496,-0.15693668275599035
2.3137774182947854,-0.13401220288779497
2.3189017236112255,-0.15453253173133732
2.3248203605292765,-0.090721153258055
2.3263179466673494,-0.09501166058288836
2.328046639368184,-0.06797566873224321
2.3309441549262777,-0.057681207859432794
2.334048258767946,-0.07414311086311881
2.3461182278916093,-0.006151634704952483
2.3482632575587123,0.01891881732273668
2.3497838678707375,0.025693105775824596
2.3606544358003223,0.061912922676369
2.3716046206982515,0.095157095896039
2.3808904838658584,0.15187188788577669
2.391396031685252,0.20679403370388671
2.391561001836437,0.18987687130186368
2.3966026056236025,0.1845232147623861
2.3990255295047733,0.20032826162074874
2.4048889910617692,0.2494864224964259
2.408025491335617,0.28906115835481555
2.411630504465344,0.2928459759446506
2.4161853127523587,0.32480558547449245
2.421838108453252,0.3593938185901498
2.4222090662410958,0.31381387815149636
2.4231188086075592,0.35458873905038013
2.423777773784077,0.3805431103695871
2.4252876524320826,0.3413507693000722
2.4299129065836382,0.3716906790723179
2.437351864458715,0.4151247534563997
2.459856955679494,0.48629814118226883
2.46255767877107,0.5308541727055837
2.4688396366772034,0.5372751436444444
2.4696250785361737,0.531602077306583
2.489616319101402,0.5820721615544246
2.4999403424883315,0.6399528364226006
2.5067388646230784,0.6798346893333201
2.5100815510144256,0.6697865908680076
2.515655486310492,0.7328083455711084
2.5192238069576662,0.6781991929523717
2.526927780844849,0.7223614572960348
2.5272596481401504,0.7015106781909822
2.5290737416697473,0.7433219407108296
2.5299164087727934,0.7236668199660321
2.5370070614925107,0.7372043236513476
2.537117997867475,0.767362236505047
2.545353736427754,0.7860810704580105
2.5584238958929753,0.8354844578573711
2.559983239204973,0.8529209565737725
2.56137423161674,0.803935360545878
2.5669239410454487,0.8316741016821293
2.567395513540081,0.8312725843696428
2.569115509859663,0.8202380255822069
2.5886471765322145,0.878133427760463
2.5892790675422397,0.9041179313348934
2.5902585385197643,0.8978520446513747
2.6125021048523216,0.9473426448380403
2.6177446564117757,0.8950126465198442
2.634506883672774,0.9675955511899399
2.6360290176662806,0.9492081455189963
2.6496351816602717,1.0000265123365568
2.6535233172244466,0.9900108324286557
2.662002571359986,0.9634386239495154
2.6765571309683196,0.9896798547653356
2.6918906097978503,1.0018367098210532
2.693180489716342,0.9923627600004618
2.698858248119363,1.0368985938790634
2.7091112296901176,1.0072255296853585
2.7134500713942016,0.9807708011307065
2.7205548236070936,0.9773799750211829
2.721590090138111,0.9769879677085757
2.730423375742447,0.987033662800749
2.740019702850149,0.9941214457401123
2.7490631970630917,0.9630091148306084
2.7607476323198084,0.9517174022762762
2.7676759699861906,0.9461149902590487
2.772165736445242,0.93126010103461
2.77780526316792,0.9397356395691838
2.7852810356480378,0.9385660869033691
2.796790271203367,0.8870714988021762
2.8231096684198533,0.8183619507011017
2.824348650260424,0.8064292647233801
2.8249454789191413,0.8430539062257952
2.8421407123259623,0.7846820687387852
2.84425682885628,0.7915090232243318
2.8498571445203478,0.7397301348589846
2.854337281028025,0.7527588690123853
2.8576515586156814,0.7241984589214291
2.8617389989683604,0.7108620864073661
2.886376012876795,0.6285915978915505
2.8970630150022725,0.611791103034891
2.905081645041286,0.5848741850406511
2.9159680152786267,0.5208939330117356
2.921823579483547,0.5044487858541459
2.9309550453018582,0.4765333869316025
2.9396598104422633,0.40922604913839256
2.944098859277643,0.4115428553012345
2.955737905912798,0.4076073050833791
2.9569137608012497,0.36170408258122305
2.9700550763750417,0.3209290584699013
2.9715797011703344,0.30340782140710465
2.973720718999533,0.2942484739765751
2.985529880286933,0.25492678713390976
2.988338358001614,0.2654908349374224
2.988772966225807,0.2167163817236021
