CHEMBL4386	Q8MTZ4	Vacuolar-type proton translocating pyrophosphatase 1
MIKMSPLLLKAAVVTACLCSLAVATTVEEQTAPKPIENATTYQQELGGRGKVDSPTAPGDAVSITSGIKVMSVTTATAIIFLASAFGFSFAMYWWYVASDIKITPGKGNIMRNAHLTDEVMRNVYVISKRVSDGANAFLFAEYRYMGIFMLGFGALLYFLLGVAMSSPQGEGKDGRPPVAVEAPWVNAAFSLYAFVIGAFTSVLAGWIGMRIAVYTNSRTAVMATVGSGGSDNDVLANGSQSRGYALAFQTAFRGGITMGFALTSIGLFALFCTVKLMQTYFGDSAERLPELFECVAAFGLGGSSVACFGRVGGGIYTKAADVGADLVGKVEKNIPEDDARNPGVIADCIGDNVGDIAGMGSDLFGSFGEATCAALVIAASSAELSADFTCMMYPLLITAGGIFVCIGTALLAATNSGVKWAEDIEPTLKHQLLVSTIGATVVLVFITAYSLPDAFTVGAVETTKWRAMVCVLCGLWSGLLIGYSTEYFTSNSYRPVQEIAESCETGAATNIIYGLSLGYISVLPPILAMAFTIYLSHHCAGLYGYALAALGILSTMSIALTIDAYGPISDNAGGIAEMAHMGHEIREITDALDAAGNTTAAIGKGFAIGSAAFVALALYGAYVSRVGISTVNLLDARVMAGLLLGAMLPYWFSALTMKSVGVAAMDMVNEIRRQFQDPAVAAGTKEPDYESCVNIATGAALQQMVAPACLVMLAPIVTGILFGRYTLAGLLPGALVSGVQVAISASNTGGAWDNAKKYIEKGGLRDKSKGKGSPQHAAAVIGDTVGDPLKDTSGPALNILVKLMAIISVVFAPVVQSKLGGLLVK
CHEMBL102478	OC(Cc1cccc(I)c1)(P(=O)(O)O)P(=O)(O)O	5.26000022888
CHEMBL110971	CCCCCCCCC(O)(P(=O)(O)O)P(=O)(O)O	4.32100009918
CHEMBL125188	OC(Cc1cccc(c1)[N+](=O)[O-])(P(=O)(O)O)P(=O)(O)O	4.77699995041
CHEMBL127588	Cc1cccc(CC(O)(P(=O)(O)O)P(=O)(O)O)c1	4.59700012207
CHEMBL191613	OP(=O)(O)C(Nc1ccc(Cl)cc1Cl)P(=O)(O)O	5.367000103
CHEMBL192793	OP(=O)(O)C(Nc1cccc(Cc2ccccc2)c1)P(=O)(O)O	4.33099985123
CHEMBL192881	OC(Cc1cccc2ccccc12)(P(=O)(O)O)P(=O)(O)O	4.9470000267
CHEMBL194215	OP(=O)(O)C(NC12CC3CC(CC(C3)C1)C2)P(=O)(O)O	4.00699996948
CHEMBL194800	OP(=O)(O)C(Nc1cccc(c1)c2ccc(F)c(F)c2)P(=O)(O)O	4.6139998436
CHEMBL194801	OC(Cc1cccc(c1)c2ccc(F)cc2)(P(=O)(O)O)P(=O)(O)O	4.60200023651
CHEMBL195034	OC(Cc1cccc(Cl)c1)(P(=O)(O)O)P(=O)(O)O	5.125
CHEMBL196254	OP(=O)(O)C(Nc1cccc(c1)c2cc(F)cc(F)c2)P(=O)(O)O	5.20800018311
CHEMBL196554	COc1cccc(CC(O)(P(=O)(O)O)P(=O)(O)O)c1	4.72800016403
CHEMBL196631	OC(Cc1cccc(c1)C(F)(F)F)(P(=O)(O)O)P(=O)(O)O	4.76200008392
CHEMBL196676	OC(c1cccc(c1)c2ccccc2)(P(=O)(O)O)P(=O)(O)O	4.50899982452
CHEMBL196726	OC(C[n+]1cccc(c1)c2ccccc2)(P(=O)(O)O)P(=O)(O)O	4.45200014114
CHEMBL197132	Cc1cccc(Cc2ccc[n+](CC(O)(P(=O)(O)O)P(=O)(O)O)c2)c1	4.10799980164
CHEMBL197173	OC(Cc1cccc(c1)c2ccc(F)c(F)c2)(P(=O)(O)O)P(=O)(O)O	4.27299976349
CHEMBL197836	CCc1ccc(NC(P(=O)(O)O)P(=O)(O)O)cc1	4.90999984741
CHEMBL197935	C[C@H](NC(P(=O)(O)O)P(=O)(O)O)c1cccc2ccccc12	4.30399990082
CHEMBL197944	CCc1cccc(NC(P(=O)(O)O)P(=O)(O)O)n1	4.26000022888
CHEMBL198013	OP(=O)(O)C(Nc1ccc(Cc2ccccc2)cc1)P(=O)(O)O	4.54799985886
CHEMBL198126	OC(Cc1cccc(F)c1)(P(=O)(O)O)P(=O)(O)O	4.9470000267
CHEMBL198380	OC(c1ccc(cc1)c2ccccc2)(P(=O)(O)O)P(=O)(O)O	4.83300018311
CHEMBL198409	COCc1cccc(NC(P(=O)(O)O)P(=O)(O)O)c1	5.01300001144
CHEMBL198439	OP(=O)(O)C(Nc1cccc(c1)c2ccc(F)cc2F)P(=O)(O)O	4.54199981689
CHEMBL198826	CN(C)c1ccccc1NC(P(=O)(O)O)P(=O)(O)O	5.0
CHEMBL199012	CC(C)c1cccc(C(C)C)c1NC(P(=O)(O)O)P(=O)(O)O	4.59700012207
CHEMBL199206	OC(CC12CC3CC(CC(C3)C1)C2)(P(=O)(O)O)P(=O)(O)O	5.09700012207
CHEMBL199254	CN(C)Cc1cccc(CC(O)(P(=O)(O)O)P(=O)(O)O)c1	4.34999990463
CHEMBL299491	CCCCC(O)(P(=O)(O)O)P(=O)(O)O	4.89599990845
CHEMBL299717	CCCNC(P(=O)(O)O)P(=O)(O)O	4.32100009918
CHEMBL299988	CCCCCC(O)(P(=O)(O)O)P(=O)(O)O	4.98699998856
CHEMBL300755	CC(C)(C)c1cc(NC(P(=O)(O)O)P(=O)(O)O)cc(c1)C(C)(C)C	4.78800010681
CHEMBL333503	CC(C)(C)c1cccc(NC(P(=O)(O)O)P(=O)(O)O)c1	4.87599992752
CHEMBL364728	CC(C)c1cccc(NC(P(=O)(O)O)P(=O)(O)O)c1	5.01300001144
CHEMBL370330	Cc1ccc(NC(P(=O)(O)O)P(=O)(O)O)cc1c2ccccc2	4.72100019455
CHEMBL370662	OP(=O)(O)C(Nc1cccc(Br)c1)P(=O)(O)O	5.42000007629
CHEMBL370664	OC(Cc1cccc(c1)c2ccccc2)(P(=O)(O)O)P(=O)(O)O	4.18200016022
CHEMBL371264	OP(=O)(O)C(Cc1cccc(c1)c2ccccc2)P(=O)(O)O	4.28100013733
CHEMBL371456	OC(Cc1cccc(Br)c1)(P(=O)(O)O)P(=O)(O)O	5.04600000381
CHEMBL371673	OP(=O)(O)C(CNC12CC3CC(CC(C3)C1)C2)P(=O)(O)O	4.3189997673
CHEMBL371885	OC(Cc1cccc(c1)c2cc(F)cc(F)c2)(P(=O)(O)O)P(=O)(O)O	4.08199977875
CHEMBL381465	OP(=O)(O)C(CNc1cccc(c1)c2ccccc2)P(=O)(O)O	4.52699995041
CHEMBL382754	C[C@@H](NC(P(=O)(O)O)P(=O)(O)O)c1cccc2ccccc12	4.36999988556
CHEMBL383778	OC(C[n+]1cccc(Cc2ccccc2)c1)(P(=O)(O)O)P(=O)(O)O	4.15500020981
CHEMBL414849	Nc1ccccc1CC(O)(P(=O)(O)O)P(=O)(O)O	5.6779999733
CHEMBL417549	CCCCCCCCCNC(P(=O)(O)O)P(=O)(O)O	4.24599981308
CHEMBL417932	Nc1ccc(CC(O)(P(=O)(O)O)P(=O)(O)O)cc1	4.26000022888
CHEMBL431139	CCn1c2ccccc2c3ccc(NC(P(=O)(O)O)P(=O)(O)O)cc13	4.42000007629
CHEMBL434978	CCCCOc1ccc(NC(P(=O)(O)O)P(=O)(O)O)cc1	4.40100002289
CHEMBL443750	OCc1cccc(NC(P(=O)(O)O)P(=O)(O)O)c1	4.99100017548
CHEMBL450938	OP(=O)(O)C(Nc1cccc(c1)[N+](=O)[O-])P(=O)(O)O	5.18699979782
CHEMBL52761	CCCC(O)(P(=O)(O)O)P(=O)(O)O	4.66800022125
CHEMBL53950	OP(=O)(O)C(NC1CCCCCC1)P(=O)(O)O	4.35400009155
CHEMBL54925	CCc1cccc(NC(P(=O)(O)O)P(=O)(O)O)c1	5.61999988556
CHEMBL55371	OP(=O)(O)C(Nc1cccc(c1)c2ccccc2)P(=O)(O)O	5.367000103
CHEMBL55608	CCCCNC(P(=O)(O)O)P(=O)(O)O	4.3639998436
CHEMBL55889	OP(=O)(O)C(Nc1ccc2CCCc2c1)P(=O)(O)O	5.01300001144
