CHEMBL3181	P14061	Estradiol 17-beta-dehydrogenase 1
MARTVVLITGCSSGIGLHLAVRLASDPSQSFKVYATLRDLKTQGRLWEAARALACPPGSLETLQLDVRDSKSVAAARERVTEGRVDVLVCNAGLGLLGPLEALGEDAVASVLDVNVVGTVRMLQAFLPDMKRRGSGRVLVTGSVGGLMGLPFNDVYCASKFALEGLCESLAVLLLPFGVHLSLIECGPVHTAFMEKVLGSPEEVLDRTDIHTFHRFYQYLAHSKQVFREAAQNPEEVAEVFLTALRAPKPTLRYFTTERFLPLLRMRLDDPSGSNYVTAMHREVFGDVPAKAEAGAEAGGGAGPGAEDEAGRGAVGDPELGDPPAAPQ
CHEMBL1076262	C[C@]12CC[C@H]3[C@@H](CCc4cc(O)c(cc34)C#N)[C@@H]1CCC2=O	6.82999992371
CHEMBL1076297	COc1cc2[C@H]3CC[C@@]4(C)[C@@H](CCC4=O)[C@@H]3CC(=O)c2cc1O	6.40700006485
CHEMBL1076306	COc1cc2[C@H]3CC[C@@]4(C)[C@@H](CCCC4=O)[C@@H]3CCc2cc1O	7.07100009918
CHEMBL1076319	C[C@]12CC[C@H]3[C@@H](CCc4cc(O)c(Cl)cc34)[C@@H]1CC[C@@H](F)C2=O	7.05999994278
CHEMBL1079595	C[C@]12CC[C@H]3[C@@H](CCc4cc(O)c(Cl)cc34)[C@@H]1CCC2=O	6.85400009155
CHEMBL1079608	C[C@]12CC[C@H]3[C@@H](CCc4cc(O)c(CC=C)cc34)[C@@H]1CCC2=O	6.96299982071
CHEMBL1079733	CC[C@]12CC[C@H]3[C@@H](CCc4cc(O)c(Cl)cc34)[C@@H]1CCC2=O	6.91699981689
CHEMBL1079781	CCCc1cc2[C@H]3CC[C@@]4(C)[C@@H](CCC4=O)[C@@H]3CCc2cc1O	6.26399993896
CHEMBL1080107	C[C@]12CC[C@H]3[C@@H](CCc4cc(O)c(CCc5ccccc5)cc34)[C@@H]1CCCC2=O	7.82399988174
CHEMBL1080304	CCCCC(=O)c1cc2[C@H]3CC[C@@]4(C)[C@@H](CCC4=O)[C@@H]3CCc2cc1O	6.66200017929
CHEMBL1080305	C[C@]12CC[C@H]3[C@@H](CCc4cc(O)c(cc34)C#Cc5ccccc5)[C@@H]1CCC2=O	7.25199985504
CHEMBL1080306	C[C@]12CC[C@H]3[C@@H](CCc4cc(O)c(CCc5ccccc5)cc34)[C@@H]1CCC2=O	7.32800006866
CHEMBL1080307	COc1cc2[C@H]3CC[C@]4(C)C(=O)CC=C4[C@@H]3CCc2cc1O	6.19899988174
CHEMBL1080633	C[C@]12CC[C@H]3[C@@H](CCc4cc(O)c(I)cc34)[C@@H]1CCCC2=O	6.90999984741
CHEMBL1080634	C[C@]12CC[C@H]3[C@@H](CCc4cc(O)c(CC=C)cc34)[C@@H]1CCCC2=O	7.49499988556
CHEMBL1081172	COc1cc2C3=C(CCc2cc1O)[C@]45C[C@H]4CC(=O)[C@@]5(C)CC3	6.71400022507
CHEMBL1081361	C[C@]12CC[C@H]3[C@@H](CCc4cc(O)c(Cl)cc34)[C@@H]1CCCC2=O	7.1139998436
CHEMBL1081362	C[C@]12CC[C@H]3[C@@H](CCc4cc(O)c(Br)cc34)[C@@H]1CCCC2=O	7.13700008392
CHEMBL1081722	C[C@]12CC[C@H]3[C@@H](CCc4cc(O)c(Cl)cc34)[C@@H]1C[C@H](F)C2=O	7.45599985123
CHEMBL1081723	C[C@]12CC[C@H]3[C@@H](CCc4cc(O)ccc34)[C@@H]1CCCC2=O	7.52299976349
CHEMBL1081900	C[C@]12CC[C@H]3[C@@H](CCc4cc(O)c(Cl)cc34)[C@@H]1C[C@@H](F)C2=O	6.99599981308
CHEMBL1082097	C[C@]12CC[C@H]3[C@@H](CCc4cc(O)c(Cl)cc34)[C@@H]1CC[C@H](F)C2=O	6.90000009537
CHEMBL1096026	Oc1cccc(c1)c2ccnc(c2)c3ccc(Cl)s3	5.62300014496
CHEMBL1096027	Oc1cccc(c1)c2cccc(n2)c3ccc(Cl)s3	5.85699987411
CHEMBL1096375	Oc1cccc(c1)c2cc(ccn2)c3ccc(Cl)s3	6.07100009918
CHEMBL1097014	Oc1cccc(c1)c2cccc(c2)c3ccc(Cl)s3	6.25199985504
CHEMBL1097016	Oc1cccc(c1)c2cccc(c2)c3cc4ccccc4s3	5.86299991608
CHEMBL1097417	COc1ccc(cn1)c2ccc(cc2)c3cccc(O)c3	6.16099977493
CHEMBL1099312	Oc1cccc(c1)c2ccc(cc2)c3ccc(Cl)s3	5.99100017548
CHEMBL1275626	Oc1cccc(c1)c2ccc(s2)C(=O)c3ccc(c(O)c3)[N+](=O)[O-]	6.22599983215
CHEMBL1277249	Oc1cccc(c1)C(=O)c2ccc(s2)c3cccc(O)c3	7.65799999237
CHEMBL1277250	Oc1ccc(cc1)C(=O)c2ccc(s2)c3cccc(O)c3	6.43400001526
CHEMBL1277339	Oc1cccc(c1)c2ccc(s2)C(=O)c3ccccc3O	6.02500009537
CHEMBL1277340	Oc1ccc(cc1)c2ccc(s2)C(=O)c3cccc(O)c3	7.50199985504
CHEMBL1277341	Oc1cccc(c1)C(=O)c2ccc(s2)c3ccccc3O	7.02199983597
CHEMBL1277429	Oc1ccc(cc1)c2ccc(s2)C(=O)c3ccc(F)c(O)c3	7.6779999733
CHEMBL1277522	Oc1cccc(c1)c2ccc(s2)C(=O)c3ccc(F)c(O)c3	7.74499988556
CHEMBL1277523	Cc1cc(ccc1O)c2cc(cs2)C(=O)c3cccc(O)c3	6.70100021362
CHEMBL1277615	Cc1ccc(cc1O)c2ccc(s2)C(=O)c3cccc(O)c3	6.68400001526
CHEMBL1277616	Oc1cccc(c1)C(=O)c2ccc(s2)c3ccc(F)c(O)c3	7.52299976349
CHEMBL1277617	Oc1cccc(c1)C(=O)c2ccc(s2)c3cccc(O)c3F	8.22200012207
CHEMBL1277708	Cc1cc(ccc1O)c2ccc(s2)C(=O)c3cccc(O)c3	8.09700012207
CHEMBL1277709	Oc1cccc(c1)C(=O)c2ccc(s2)c3ccc(O)c(F)c3	7.74599981308
CHEMBL1277710	Oc1cccc(c1)C(=O)c2ccc(s2)c3ccc(O)c(c3)C(F)(F)F	7.79600000381
CHEMBL1277801	Oc1cccc(c1)C(=O)c2ccc(s2)c3ccc(O)c(Cl)c3	6.90000009537
CHEMBL1277802	Oc1cccc(c1)C(=O)c2ccc(s2)c3ccc(O)c(O)c3	7.06599998474
CHEMBL1277803	COc1cc(ccc1O)c2ccc(s2)C(=O)c3cccc(O)c3	6.96700000763
CHEMBL1277884	CCc1cc(ccc1O)c2ccc(s2)C(=O)c3cccc(O)c3	6.43499994278
CHEMBL1277885	Cc1cc(ccc1O)c2ncc(s2)C(=O)c3cccc(O)c3	6.97100019455
CHEMBL135	C[C@]12CC[C@H]3[C@@H](CCc4cc(O)ccc34)[C@@H]1CC[C@@H]2O	7.52299976349
CHEMBL1405	C[C@]12CC[C@H]3[C@@H](CCc4cc(O)ccc34)[C@@H]1CCC2=O	6.48099994659
CHEMBL1409077	COc1ccc2[C@H]3CC[C@@]4(C)[C@@H](CCC4=O)[C@@H]3CCc2c1	4.61999988556
CHEMBL150	OC1=C(Oc2cc(O)cc(O)c2C1=O)c3ccc(O)cc3	5.97900009155
CHEMBL1627450	C[C@]12CC[C@H]3[C@@H](CCc4cc(O)ccc34)[C@@H]1C[C@@H](CCCBr)[C@@H]2O	6.33699989319
CHEMBL1627451	C[C@]12CC[C@H]3[C@@H](CCc4cc(O)ccc34)[C@@H]1C[C@@H](CCCSC#N)[C@@H]2O	5.9390001297
CHEMBL1627453	C[C@]12CC[C@H]3[C@@H](CCc4cc(O)ccc34)[C@@H]1C[C@@H](CCCI)[C@@H]2O	6.37699985504
CHEMBL1627455	C[C@]12CC[C@H]3[C@@H](CCc4cc(O)ccc34)[C@@H]1C[C@@H](CCCCl)[C@@H]2O	6.0
CHEMBL1627742	COc1cc2[C@H]3CC[C@@]4(C)[C@@H](CC(CC(=O)NCc5cccnc5)C4=O)[C@@H]3CCc2cc1O	6.53800010681
CHEMBL1627749	C[C@]12CC[C@H]3[C@@H](CCc4cc(O)ccc34)[C@@H]1CC(CC(=O)NCc5cccnc5)C2=O	7.43200016022
CHEMBL1627752	CCc1cc2[C@H]3CC[C@@]4(C)[C@@H](CC(CC(=O)NCc5cccnc5)C4=O)[C@@H]3CCc2cc1O	7.5689997673
CHEMBL1627756	C[C@]12CC[C@H]3[C@@H](CCc4cc(O)ccc34)[C@@H]1C\C(=N\O)\C2=O	5.95900011063
CHEMBL1627759	C[C@]12CC[C@H]3[C@@H](CCc4cc(O)ccc34)[C@@H]1CC(C#N)C2=O	5.0
CHEMBL1627763	C[C@]12CC[C@H]3[C@@H](CCc4cc(O)ccc34)[C@@H]1CC([C@@H]2O)C(=O)NCc5cccnc5	6.29199981689
CHEMBL1627771	CC(NC(=O)C1C[C@H]2[C@@H]3CCc4cc(O)ccc4[C@H]3CC[C@]2(C)[C@H]1O)c5ccccc5	6.09200000763
CHEMBL1627773	CCOC(=O)CC1C[C@H]2[C@@H]3CCc4cc(O)ccc4[C@H]3CC[C@]2(C)C1=O	6.52299976349
CHEMBL1627779	C[C@]12CC[C@H]3[C@@H](C\C(=N\O)\c4cc(O)ccc34)[C@@H]1CC/C/2=N\O	5.72100019455
CHEMBL1627790	CCOC[C@H]1C[C@H]2[C@@H]3CCc4cc(O)ccc4[C@H]3CC[C@]2(C)C1=O	6.49499988556
CHEMBL1627884	C[C@]12CC[C@H]3[C@@H](CCc4cc(O)ccc34)[C@@H]1C[C@@H](CCCF)[C@@H]2O	5.367000103
CHEMBL1628005	C[C@]12CC[C@H]3[C@@H](CC(=O)c4cc(O)ccc34)[C@@H]1CCC2=O	6.46899986267
CHEMBL1628021	C[C@]12CC[C@H]3[C@@H](CCc4cc(O)ccc34)[C@@H]1CC(CC(=O)NCC5CCCO5)C2=O	6.42000007629
CHEMBL1628094	Cc1c(\C=N\N=C\2/CC[C@H]3[C@@H]4CCc5cc(O)ccc5[C@H]4CC[C@]23C)cnn1C	4.48099994659
CHEMBL1628134	C[C@]12CC[C@H]3[C@@H](CCc4cc(O)ccc34)[C@@H]1C\C(=C/c5ccncc5)\[C@@H]2O	5.38700008392
CHEMBL1628135	CNC(=O)CC1C[C@H]2[C@@H]3CCc4cc(O)ccc4[C@H]3CC[C@]2(C)C1=O	5.82399988174
CHEMBL1644043	CS(=O)(=O)Nc1ccc(cc1)c2ccc3c(O)cccc3c2	6.21199989319
CHEMBL1644047	CC(=O)Nc1cccc(c1)c2ccc3c(O)cccc3c2	5.07000017166
CHEMBL1650644	Oc1cccc(c1)c2ccc3c(c(O)ccc3c2)c4cocc4	7.15500020981
CHEMBL1650645	Oc1cccc(c1)c2ccc3c(c(O)ccc3c2)c4cccnc4	6.78299999237
CHEMBL1650646	COc1ccc(cn1)c2c(O)ccc3cc(ccc23)c4cccc(O)c4	6.17399978638
CHEMBL1650647	Oc1cccc(c1)c2ccc3c(c(O)ccc3c2)c4ccncc4	7.1939997673
CHEMBL1650652	Oc1cccc(c1)c2ccc3c(c(O)ccc3c2)c4cccc(O)c4	6.9390001297
CHEMBL1650654	Nc1cccc(c1)c2c(O)ccc3cc(ccc23)c4cccc(O)c4	7.27600002289
CHEMBL1650658	CS(=O)(=O)Nc1cccc(c1)c2c(O)ccc3cc(ccc23)c4cccc(O)c4	7.48699998856
CHEMBL170583	C[C@]12CC[C@H]3[C@@H](CCc4cc(O)ccc34)[C@@H]1C[C@H](CCCCCCCCCCC(=O)OC[C@H]5O[C@H]([C@H](O)[C@@H]5O)n6cnc7c(N)ncnc67)[C@@H]2O	6.92100000381
CHEMBL1829308	C[C@]12CC[C@H]3[C@@H](CCc4cc(O)ccc34)[C@@H]1C[C@@H]5[C@@H](Cc6cccc(c6)C(=O)N)C(=O)O[C@H]25	6.0
CHEMBL1829763	C[C@H](N1CC[C@@](CCO)(OC1=O)c2ccc(F)cc2)c3ccc(cc3)c4ccc(F)cc4F	5.0
CHEMBL189051	C[C@]12CC[C@H]3[C@@H](CCc4cc(O)c(Br)cc34)[C@@H]1CCC2=O	6.632999897
CHEMBL190117	CCc1cc2[C@H]3CC[C@@]4(C)[C@@H](CCC4=O)[C@@H]3CCc2cc1O	7.05100011826
CHEMBL1915935	COc1cccc(CN(C)C(=O)c2ccc(cc2)c3cccc(OC)c3)c1	4.0
CHEMBL1915936	CN(Cc1cccc(O)c1)C(=O)c2ccc(cc2)c3cccc(O)c3	4.8860001564
CHEMBL1915937	COc1cccc(CN(C)C(=O)c2ccc(cc2)c3cccc(C)c3)c1	4.0
CHEMBL1915938	CN(Cc1cccc(O)c1)C(=O)c2ccc(cc2)c3cccc(C)c3	4.19000005722
CHEMBL1915940	CN(Cc1cccc(O)c1)C(=O)c2cccc(c2)c3ccc(O)cc3	5.23099994659
CHEMBL1915942	CN(Cc1cccc(O)c1)C(=O)c2cccc(c2)c3cccc(O)c3	5.42000007629
CHEMBL1915943	COc1cccc(CN(C)C(=O)c2ccc(s2)c3cccc(OC)c3)c1	4.0
CHEMBL1915944	CN(Cc1cccc(O)c1)C(=O)c2ccc(s2)c3cccc(O)c3	5.26399993896
CHEMBL1915946	CN(Cc1cccc(O)c1)C(=O)c2ccc(s2)c3ccc(O)cc3	5.29199981689
CHEMBL1915948	CN(Cc1cccc(O)c1)C(=O)c2ccc(s2)c3ccccc3O	5.52500009537
CHEMBL1915949	CN(Cc1cccc(O)c1)C(=O)c2ccc(s2)c3ccccc3	5.40700006485
CHEMBL1915950	COc1cccc(c1)c2ccc(s2)C(=O)N(C)Cc3ccccc3	4.0
CHEMBL1915952	COc1ccc(cc1)c2ccc(s2)C(=O)N(C)Cc3ccccc3	4.0
CHEMBL1915954	COc1ccccc1c2ccc(s2)C(=O)N(C)Cc3ccccc3	4.25400018692
CHEMBL1915955	CN(Cc1ccccc1)C(=O)c2ccc(s2)c3ccccc3O	4.0
CHEMBL1915957	CN(Cc1cccc(O)c1)C(=O)c2ccc(s2)c3ccc(cc3)C#N	4.36299991608
CHEMBL1915958	COc1ccc(cc1)c2ccc(s2)C(=O)N(C)Cc3cccc(O)c3	4.39799976349
CHEMBL1915959	COc1cccc(c1)c2ccc(s2)C(=O)N(C)Cc3cccc(O)c3	4.63199996948
CHEMBL1915960	CN(C)c1cccc(c1)c2ccc(s2)C(=O)N(C)Cc3cccc(O)c3	4.73099994659
CHEMBL1915961	CN(Cc1cccc(O)c1)C(=O)c2ccc(s2)c3cccc(C)c3	4.97300004959
CHEMBL1915962	CN(Cc1cccc(O)c1)C(=O)c2ccc(s2)c3cccc(F)c3	5.50199985504
CHEMBL1915963	CN(Cc1cccc(O)c1)C(=O)c2ccc(s2)c3ccc(F)cc3	4.74399995804
CHEMBL1915964	COc1cccc(c1F)c2ccc(s2)C(=O)N(C)Cc3cccc(O)c3	5.35099983215
CHEMBL1915965	CN(Cc1cccc(O)c1)C(=O)c2ccc(s2)c3cccc(O)c3F	6.69500017166
CHEMBL1917881	Cc1cc(ccc1O)c2ccc3c(O)cccc3c2	5.75699996948
CHEMBL1917887	Oc1ccc(cc1c2ccccc2)c3ccc4c(O)cccc4c3	6.03700017929
CHEMBL1917889	Oc1ccc(c(F)c1)c2ccc3c(O)cccc3c2	5.64900016785
CHEMBL1917891	Oc1ccc(cc1F)c2ccc3c(O)cccc3c2	6.14699983597
CHEMBL1917893	Oc1cc(F)c(cc1F)c2ccc3c(O)cccc3c2	6.51000022888
CHEMBL1917895	Oc1ccc(c2ccc3c(O)cccc3c2)c(c1)C(F)(F)F	6.03299999237
CHEMBL1917897	Oc1ccc(cc1C(F)(F)F)c2ccc3c(O)cccc3c2	6.21400022507
CHEMBL1917898	Oc1ccc(cc1Cl)c2ccc3c(O)cccc3c2	5.9470000267
CHEMBL1928171	Oc1cccc(c1)C(=O)c2cccc(n2)c3ccc(O)c(Cl)c3	4.21700000763
CHEMBL1928172	Cc1cc(ccc1O)c2cccc(n2)C(=O)c3ccc(F)c(O)c3	4.65000009537
CHEMBL1928175	Cc1cc(ccc1O)c2cccc(c2)C(=O)c3cccc(O)c3	6.32299995422
CHEMBL1928176	Cc1cc(ccc1O)c2ccc(cc2)C(=O)c3cccc(O)c3	6.38399982452
CHEMBL1928177	Oc1cccc(c1)C(=O)c2ccc(cc2)c3ccc(O)c(F)c3	5.61499977112
CHEMBL1928178	Oc1cccc(c1)C(=O)c2ccc(cc2)c3ccc(O)cc3Cl	5.75400018692
CHEMBL1928179	Oc1cccc(c1)C(=O)c2ccc(cc2)c3ccc(O)c(Cl)c3	6.24300003052
CHEMBL1928180	Cc1cc(ccc1O)c2ccc(cc2)C(=O)c3ccc(F)c(O)c3	6.53900003433
CHEMBL1928181	Oc1ccc(cc1Cl)c2ccc(cc2)C(=O)c3ccc(F)c(O)c3	7.27600002289
CHEMBL1928182	Cc1cc(ccc1O)c2ccc(cc2)C(=O)c3cc(O)cc(F)c3	6.79899978638
CHEMBL1928184	Cc1cc(ccc1O)c2ccc(cn2)C(=O)c3cccc(O)c3	6.24599981308
CHEMBL1928185	Cc1cc(ccc1O)c2ccc(nc2)C(=O)c3cccc(O)c3	5.2610001564
CHEMBL1928186	Cc1cc(ccc1O)c2ccc(nc2)C(=O)c3ccc(F)c(O)c3	5.89599990845
CHEMBL1928187	Oc1ccc(cc1Cl)c2ccc(nc2)C(=O)c3ccc(F)c(O)c3	5.99399995804
CHEMBL1928188	Cc1cc(ccc1O)c2cccc(n2)C(=O)c3cccc(O)c3	4.70699977875
CHEMBL193726	Oc1ccc(cc1)c2ccc3c(O)cccc3c2	5.61499977112
CHEMBL194399	ClC1=C(Cl)C2(Cl)C3COS(=O)OCC3C1(Cl)C2(Cl)Cl	4.31699991226
CHEMBL194579	COCCn1cc2CC3C4CCc5cc(O)ccc5C4CC[C@]3(C)c2n1	6.27600002289
CHEMBL194690	C[C@]12CCC3C(CCc4cc(O)ccc34)C1Cc5c([nH]nc25)C(=O)NCCc6cccnc6	6.52299976349
CHEMBL195217	Oc1cccc(c1)c2ccc3cc(O)ccc3c2	6.78800010681
CHEMBL197056	C[C@]12CCC3C(CCc4cc(O)ccc34)C1Cc5cn(CCC#N)nc25	6.13700008392
CHEMBL198223	C[C@]12CCC3C(CCc4cc(O)ccc34)C1Cc5c[nH]nc25	6.74499988556
CHEMBL198558	C[C@]12CC[C@H]3[C@@H](CCc4cc(O)ccc34)[C@@H]1C[C@H](CCCCCCCCCCCC(=O)OC[C@H]5O[C@H]([C@H](O)[C@@H]5O)n6cnc7c(N)ncnc67)[C@@H]2O	6.0
CHEMBL198613	Cn1cc2CC3C4CCc5cc(O)ccc5C4CC[C@]3(C)c2n1	5.5609998703
CHEMBL201841	C[C@]12CCC3C(CC(=O)c4cc(O)ccc34)C1Cc5c[nH]nc25	6.33699989319
CHEMBL2040856	Oc1cccc(c1)c2ccc3c(c(O)ccc3c2)c4cccc5c4ccn5S(=O)(=O)c6ccccc6	5.95900011063
CHEMBL2041358	Oc1cccc(c1)c2ccc3c(c(O)ccc3c2)c4cccc(NS(=O)(=O)c5cc(F)c(Br)cc5F)c4	6.19000005722
CHEMBL2041359	Oc1cccc(c1)c2ccc3c(c(O)ccc3c2)c4cccc(NS(=O)(=O)c5ccc(Br)cc5OC(F)(F)F)c4	7.13100004196
CHEMBL2041360	Oc1cccc(c1)c2ccc3c(c(O)ccc3c2)c4cccc(NS(=O)(=O)c5ccc6ncccc6c5)c4	6.3029999733
CHEMBL2041361	Oc1cccc(c1)c2ccc3c(c(O)ccc3c2)c4cccc(NS(=O)(=O)c5cccs5)c4	6.5
CHEMBL2041362	Oc1cccc(c1)c2ccc3c(c(O)ccc3c2)c4cccc(NS(=O)(=O)c5ccccc5)c4	6.70800018311
CHEMBL2041363	Oc1cccc(c1)c2ccc3c(c(O)ccc3c2)c4cccc(NS(=O)(=O)c5ccccc5[N+](=O)[O-])c4	6.33500003815
CHEMBL2041364	Oc1cccc(c1)c2ccc3c(c(O)ccc3c2)c4cccc(NS(=O)(=O)c5cccc(c5)[N+](=O)[O-])c4	6.40199995041
CHEMBL2041365	Oc1cccc(c1)c2ccc3c(c(O)ccc3c2)c4cccc(NS(=O)(=O)c5ccc(cc5)[N+](=O)[O-])c4	6.12300014496
CHEMBL2041366	Oc1cccc(c1)c2ccc3c(c(O)ccc3c2)c4cccc(NS(=O)(=O)c5ccc(cc5[N+](=O)[O-])[N+](=O)[O-])c4	6.16099977493
CHEMBL2041367	Oc1cccc(c1)c2ccc3c(c(O)ccc3c2)c4cccc(NS(=O)(=O)c5ccccc5C#N)c4	6.80399990082
CHEMBL2041368	Oc1cccc(c1)c2ccc3c(c(O)ccc3c2)c4cccc(NS(=O)(=O)c5cccc(c5)C#N)c4	6.39599990845
CHEMBL2041369	Oc1cccc(c1)c2ccc3c(c(O)ccc3c2)c4cccc(NS(=O)(=O)c5ccc(cc5)C#N)c4	6.25600004196
CHEMBL2041370	Oc1cccc(c1)c2ccc3c(c(O)ccc3c2)c4cccc(NS(=O)(=O)c5ccccc5F)c4	6.36800003052
CHEMBL2041371	Oc1cccc(c1)c2ccc3c(c(O)ccc3c2)c4cccc(NS(=O)(=O)c5cccc(F)c5)c4	6.33500003815
CHEMBL2041372	Oc1cccc(c1)c2ccc3c(c(O)ccc3c2)c4cccc(NS(=O)(=O)c5ccc(F)cc5)c4	6.19600009918
CHEMBL2041373	Oc1cccc(c1)c2ccc3c(c(O)ccc3c2)c4cccc(NS(=O)(=O)c5cccc(O)c5)c4	6.15399980545
CHEMBL2041374	Oc1ccc(cc1)S(=O)(=O)Nc2cccc(c2)c3c(O)ccc4cc(ccc34)c5cccc(O)c5	5.99599981308
CHEMBL2041375	Cc1ccccc1S(=O)(=O)Nc2cccc(c2)c3c(O)ccc4cc(ccc34)c5cccc(O)c5	6.28000020981
CHEMBL2041376	Cc1cccc(c1)S(=O)(=O)Nc2cccc(c2)c3c(O)ccc4cc(ccc34)c5cccc(O)c5	6.35699987411
CHEMBL2041377	Cc1ccc(cc1)S(=O)(=O)Nc2cccc(c2)c3c(O)ccc4cc(ccc34)c5cccc(O)c5	6.19899988174
CHEMBL2041378	CC(=O)Nc1ccc(cc1)S(=O)(=O)Nc2cccc(c2)c3c(O)ccc4cc(ccc34)c5cccc(O)c5	6.61999988556
CHEMBL2041379	Oc1cccc(c1)c2ccc3c(c(O)ccc3c2)c4cccc(NS(=O)(=O)CC(F)(F)F)c4	6.60900020599
CHEMBL2041380	Oc1cccc(c1)c2ccc3c(c(O)ccc3c2)c4ccc5ccn(c5c4)S(=O)(=O)c6ccccc6	6.28499984741
CHEMBL206908	COCCC1C(C(=C(O)C1=O)C(=O)c2ccc(OC)c(C)c2)c3ccc(Cl)cc3Cl	4.52299976349
CHEMBL207413	CC(=O)O[C@H]1CC[C@@]2(C)[C@@H](CC[C@]3(C)[C@@H]2C(=O)C=C4[C@@H]5C[C@](C)(CC[C@]5(C)CC[C@@]34C)C(=O)O)C1(C)C	4.72599983215
CHEMBL210465	COc1ccc(CCNC(=O)C23CCC(C)(C(=O)C2=O)C3(C)C)cc1OC	4.69500017166
CHEMBL2153191	CCCSc1nc(ccc1C(=O)NC2CCCCC2)N3CCC[C@@H](CC(=O)O)C3	4.52299976349
CHEMBL2170742	Oc1ccc(F)c(c1)C(=O)Nc2nc3ccc(O)cc3s2	6.88500022888
CHEMBL2170744	Oc1ccc2nc(NC(=O)c3cc(O)cc(O)c3)sc2c1	5.52299976349
CHEMBL2170746	Oc1ccc2nc(NC(=O)c3c(F)ccc(O)c3Cl)sc2c1	6.65600013733
CHEMBL2170747	Oc1ccc2nc(NC(=O)c3c(F)ccc(O)c3F)sc2c1	7.65899991989
CHEMBL2170748	Oc1ccc2nc(NC(=O)c3ccc(F)c(O)c3F)sc2c1	7.00400018692
CHEMBL2170749	CN(C(=O)c1ccc(F)c(O)c1)c2nc3ccc(O)cc3s2	6.17600011826
CHEMBL2170750	Oc1ccc2nc(sc2c1)C(=O)c3ccc(F)c(O)c3	7.92299985886
CHEMBL2170751	COc1ccc2nc(sc2c1)C(=O)c3ccc(F)c(O)c3	7.42000007629
CHEMBL2170752	Oc1cc(ccc1F)C(=O)c2nc3ccccc3s2	6.86600017548
CHEMBL2170753	Oc1ccc(F)c(c1)C(=O)c2nc3ccc(O)cc3s2	7.8860001564
CHEMBL2170754	Cc1ccc(cc1O)C(=O)c2nc3ccc(O)cc3s2	6.58799982071
CHEMBL2170755	Oc1ccc(O)c(c1)C(=O)c2nc3ccc(O)cc3s2	6.43800020218
CHEMBL2170757	Oc1ccc2nc(sc2c1)C(=O)c3ccc(Oc4ccccc4)c(O)c3	6.0640001297
CHEMBL2170758	Oc1cccc(c1)C(=O)Nc2nc3ccc(O)cc3s2	6.61299991608
CHEMBL2170759	Oc1ccc2nc(NC(=O)c3cccc(O)c3F)sc2c1	7.33799982071
CHEMBL2170760	Oc1ccc2nc(NC(=O)c3ccc(F)c(O)c3)sc2c1	6.76700019836
CHEMBL2170761	Oc1cccc(c1)C(=O)c2nc3ccc(O)cc3s2	7.35699987411
CHEMBL2170762	Oc1ccc2nc(sc2c1)C(=O)c3cccc(O)c3F	8.30099964142
CHEMBL2177609	CC(C)(C)c1c(cnn1c2ccc(cc2)C(=O)O)C(=O)NC3C4CC5CC(CC3C5)C4	4.52299976349
CHEMBL2179014	O[C@@]12CC3CC(C1)[C@H](NC(=O)c4cnc(N[C@H]5CCOC5)nc4C6CCCC6)C(C3)C2	4.0
CHEMBL2179452	O[C@@]12CC3CC(C1)[C@H](NC(=O)c4cnc(NC5CCOCC5)nc4C6CCC6)C(C3)C2	4.45599985123
CHEMBL2203397	C[C@]12CC[C@H]3[C@@H](CCc4cc(CCBr)ccc34)[C@@H]1C[C@H](Cc5cccc(c5)C(=O)N)[C@@H]2O	7.16699981689
CHEMBL2203399	C[C@]12CC[C@H]3[C@@H](CCc4cc(CBr)ccc34)[C@@H]1C[C@H](Cc5cccc(c5)C(=O)N)[C@@H]2O	6.367000103
CHEMBL2205681	C[C@]12CC[C@H]3[C@@H](CCc4cc(O)ccc34)[C@@H]1Cc5c[nH]nc25	5.38899993896
CHEMBL2205682	COc1ccc2[C@H]3CC[C@@]4(C)[C@@H](Cc5c[nH]nc45)[C@@H]3CCc2c1	4.89400005341
CHEMBL2205683	C[C@]12CC[C@H]3[C@@H](CCc4cc(O)ccc34)[C@@H]1Cc5cnoc25	4.15899991989
CHEMBL2324360	COc1cccc(c1)N(C)C(=O)c2ccc(s2)c3cccc(OC)c3F	4.30100011826
CHEMBL2324361	COc1cccc(c1F)c2ccc(s2)C(=O)N(C)c3cccc(C)c3	5.08599996567
CHEMBL2324365	COc1cccc(c1)N(C)C(=O)c2ccc(s2)c3cccc(C)c3F	5.26599979401
CHEMBL2324366	COc1cccc(c1)N(C)C(=O)c2ccc(s2)c3c(F)ccc(OC)c3F	5.31799983978
CHEMBL2324367	COc1cccc(c1)N(C)C(=O)c2ccc(s2)c3ccc(OC)c(F)c3	4.39799976349
CHEMBL2324370	COc1ccc(c(OC)c1)c2ccc(s2)C(=O)N(C)c3cccc(OC)c3	5.71500015259
CHEMBL2324371	CN(C(=O)c1ccc(s1)c2cccc(O)c2)c3cccc(C)c3	5.16699981689
CHEMBL2324373	COc1cccc(c1)c2ccc(s2)C(=O)N(C)c3cccc(c3)C(F)(F)F	4.91200017929
CHEMBL2324673	COc1cccc(c1)c2ccc(s2)C(=O)N(C)c3cccc(c3)c4ccccc4	5.95499992371
CHEMBL2324678	COc1ccc(cc1)c2ccc(s2)C(=O)N(C)c3cccc(OC)c3	5.20599985123
CHEMBL2324679	COc1cccc(c1)N(C)C(=O)c2ccc(s2)c3cccc(OC)c3	5.11999988556
CHEMBL2324683	COc1cccc(c1)N(C)C(=O)c2ccc(s2)c3ccccc3	5.36299991608
CHEMBL2324690	COc1cccc(c1)N(C)C(=O)c2ccc(s2)c3cccc(C)c3	5.17100000381
CHEMBL2324691	COc1cccc(c1)N(C)C(=O)c2ccc(s2)c3cccc(c3)N(C)C	4.97599983215
CHEMBL2324692	COc1cccc(c1)N(C)C(=O)c2ccc(s2)c3cccc(SC)c3	5.27500009537
CHEMBL2324693	COc1cccc(c1)c2ccc(s2)C(=O)N(C)c3cccc(C)c3	4.94099998474
CHEMBL256777	C1CCc2nnc(n2CC1)C34CC5CC(CC(C5)C3)C4	8.125
CHEMBL257010	O=C(Nc1cccc(c1)C(=O)N2CCC[C@H]3CCCC[C@H]23)c4ccccc4	7.85400009155
CHEMBL258687	Oc1cccc(c1)c2ccc3ccccc3c2	5.64599990845
CHEMBL259000	CCc1cc(ccc1O)c2ccc3C(=O)CCc3c2	5.69899988174
CHEMBL259814	Oc1ccc(cc1)c2ccc3C(=O)CCCc3c2	4.80700016022
CHEMBL259815	CCc1cc(ccc1OC)c2ccc3C(=O)CCCc3c2	5.08099985123
CHEMBL260075	CCc1cc(ccc1O)c2ccc(cc2)C(=O)C	5.26800012589
CHEMBL260227	CCc1cc(ccc1O)c2ccc3C(=O)C(CC(=O)NCc4cccnc4)Cc3c2	5.32800006866
CHEMBL260234	CC(=O)c1ccc2c(Cc3cc(O)ccc23)c1	5.3189997673
CHEMBL260518	CC(=O)c1ccc(cc1)c2ccc(O)cc2C	5.43200016022
CHEMBL261427	Oc1ccc2cc(ccc2c1)c3cncc(O)c3	5.90899991989
CHEMBL261527	C[C@]12CC[C@H]3[C@@H](CCc4cc(O)ccc34)[C@@H]1CC(CCCCCCCCC(=O)OC[C@H]5O[C@H]([C@H](O)[C@@H]5O)n6cnc7c(N)ncnc67)[C@@H]2O	7.28399991989
CHEMBL261578	CC(=O)c1ccc(cc1)c2ccc(O)cc2	5.43200016022
CHEMBL270250	C[C@]12CC[C@H]3[C@@H](CCc4cc(O)ccc34)[C@@H]1C[C@H](Cc5ccccc5)[C@@H]2O	6.10200023651
CHEMBL276915	Oc1ccc2C(=O)C=C(Oc2c1)c3ccccc3	5.28000020981
CHEMBL28	Oc1ccc(cc1)C2=CC(=O)c3c(O)cc(O)cc3O2	6.14900016785
CHEMBL307078	C[C@]1(CCC2C(CCc3cc(O)ccc23)C1)C(O)C#C	4.10200023651
CHEMBL307621	C[C@@]1(CCC2C(CCc3cc(O)ccc23)C1)C(O)C#CC(F)(F)F	4.22900009155
CHEMBL331544	C[C@]12CC[C@H]3[C@@H](CCc4cc(O)ccc34)[C@@H]1C[C@@H](CCCCCCCCCCC(=O)OC[C@H]5O[C@H]([C@H](O)[C@@H]5O)n6cnc7c(N)ncnc67)[C@@H]2O	6.50899982452
CHEMBL332756	C[C@]12CC[C@H]3[C@@H](CCc4cc(O)ccc34)[C@@H]1C[C@H](CCCCCCCC(=O)OC[C@H]5O[C@H]([C@H](O)[C@@H]5O)n6cnc7c(N)ncnc67)[C@@H]2O	7.03200006485
CHEMBL341324	CCN(CC)C(=O)Cc1csc(NS(=O)(=O)c2cccc(Cl)c2C)n1	5.0
CHEMBL364060	C[C@]12CCC3C(CCc4cc(O)ccc34)C1Cc5c([nH]nc25)C(=O)NCc6cccnc6	6.10799980164
CHEMBL365752	COC(=O)Cn1cc2CC3C4CCc5cc(O)ccc5C4CC[C@]3(C)c2n1	6.03599977493
CHEMBL369588	C[C@]12CC[C@H]3[C@@H](CCc4cc(O)ccc34)[C@@H]1C[C@H](CCCCCCC(=O)OC[C@H]5O[C@H]([C@H](O)[C@@H]5O)n6cnc7c(N)ncnc67)[C@@H]2O	6.367000103
CHEMBL369897	C[C@]12CCC3C(CCc4cc(O)ccc34)C1CC(=C2O)C=O	6.95900011063
CHEMBL370570	C[C@]12CC[C@H]3[C@@H](CCc4cc(O)ccc34)[C@@H]1C[C@@H](CCC(=O)OC[C@H]5O[C@H]([C@H](O)[C@@H]5O)n6cnc7c(N)ncnc67)[C@@H]2O	4.86999988556
CHEMBL370571	C[C@]12CC[C@H]3[C@@H](CCc4cc(O)ccc34)[C@@H]1CC(CCCCCC(=O)OC[C@H]5O[C@H]([C@H](O)[C@@H]5O)n6cnc7c(N)ncnc67)[C@@H]2O	5.16099977493
CHEMBL371948	C[C@]12CC[C@H]3[C@@H](CCc4cc(O)ccc34)[C@@H]1C[C@H](CCCCCCCCC(=O)OC[C@H]5O[C@H]([C@H](O)[C@@H]5O)n6cnc7c(N)ncnc67)[C@@H]2O	8.31000041962
CHEMBL372540	CCOC(=O)c1[nH]nc2c1CC3C4CCc5cc(O)ccc5C4CC[C@]23C	5.73299980164
CHEMBL372560	C[C@]12CC[C@H]3[C@@H](CCc4cc(O)ccc34)[C@@H]1C[C@H](CCCCCCCCCC(=O)OC[C@H]5O[C@H]([C@H](O)[C@@H]5O)n6cnc7c(N)ncnc67)[C@@H]2O	6.85400009155
CHEMBL373257	Cn1c(nnc1C23CCC(CC2)(CC3)c4onc(n4)c5ccc(F)cc5)c6ccccc6C(F)(F)F	6.0
CHEMBL373383	CCCCN(C)C(=O)CCCCCS[C@@H]1C[C@@H]2[C@H](CC[C@]3(C)[C@@H](O)CC[C@@H]23)c4ccc(O)cc14	6.76999998093
CHEMBL380677	C[C@H]1C[C@@]2(C)CC[C@@](C)(C[C@@]2(C)C3=CC(=O)[C@@H]4[C@@]5(C)CC[C@H](O)C(C)(C)[C@@H]5CC[C@@]4(C)[C@]13C)C(=O)N[C@H](Cc6ccccc6)C(=O)O	4.52299976349
CHEMBL381466	C[C@]12CCC3C(CCc4cc(O)ccc34)C1Cc5c(CO)n[nH]c25	6.02199983597
CHEMBL382114	C[C@]12CC[C@H]3[C@@H](CCc4cc(O)ccc34)[C@@H]1CC(CCCCCCCCCCC(=O)OC[C@H]5O[C@H]([C@H](O)[C@@H]5O)n6cnc7c(N)ncnc67)[C@@H]2O	7.04600000381
CHEMBL403095	C[C@]12CC[C@H]3[C@@H](CCc4cc(O)ccc34)[C@@H]1C[C@H](Cc5cccc(c5)C(=O)N)C2=O	6.76700019836
CHEMBL407865	CCc1cc(ccc1C(=O)C)c2ccc(O)cc2	5.00400018692
CHEMBL407968	CCc1cc2[C@H]3CC[C@@]4(C)[C@@H](C[C@H](CC(=O)NCc5cccnc5)C4=O)[C@@H]3CCc2cc1O	7.5689997673
CHEMBL408485	Oc1ccc(cc1F)c2ccc3C(=O)CCc3c2	5.53800010681
CHEMBL408487	Oc1ccc(cc1)c2ccc3C(=O)CCc3c2	5.76999998093
CHEMBL408594	CCc1cc(ccc1O)c2ccc(cc2)C(=O)CCC(=O)NCc3cccnc3	5.43200016022
CHEMBL410224	CCc1cc(ccc1O)c2ccc(cc2)C(=O)CC(C)(C)C(=O)NCc3cccnc3	5.74499988556
CHEMBL410242	C[C@]12CC[C@H]3[C@@H](CCc4cc(O)ccc34)[C@@H]1C[C@H](Cc5cccc(c5)C(=O)N)[C@@H]2O	7.46299982071
CHEMBL425194	COc1cc2[C@H]3CC[C@@]4(C)[C@@H](CCC4=O)[C@@H]3CCc2cc1O	6.68400001526
CHEMBL425772	CC1(C)[C@@H](N)CC[C@@]2(C)[C@H]1CC[C@]3(C)[C@@H]2C(=O)C=C4[C@@H]5C[C@](C)(CC[C@]5(C)CC[C@@]34C)C(=O)O	4.52299976349
CHEMBL434950	Cn1cccc1CNC(=O)c2[nH]nc3c2CC4C5CCc6cc(O)ccc6C5CC[C@]34C	5.63800001144
CHEMBL438624	C[C@]12CCC3C(CCc4cc(O)ccc34)C1Cc5c([nH]nc25)C(=O)NCc6ccccn6	6.0560002327
CHEMBL44	Oc1ccc(cc1)C2=COc3cc(O)cc(O)c3C2=O	5.65600013733
CHEMBL450189	Oc1cccc(c1)c2nnc(s2)c3cccc(O)c3	6.47399997711
CHEMBL450256	Oc1cccc(c1)c2cnc(cn2)c3cccc(O)c3	6.0
CHEMBL456379	Oc1cccc(c1)c2cnc(s2)c3cccc(O)c3	6.6139998436
CHEMBL456380	Oc1ccc(cc1)c2nc(cs2)c3cccc(O)c3	5.30100011826
CHEMBL456382	Oc1ccc(cc1)c2csc(n2)c3cccc(O)c3	6.0
CHEMBL457013	Oc1ccc(cc1)c2nsc(n2)c3cccc(O)c3	6.38399982452
CHEMBL457323	Oc1ccc(cc1)c2ccc(s2)c3cccc(O)c3	7.16099977493
CHEMBL457435	Oc1cccc(c1)c2cn(nn2)c3cccc(O)c3	5.30100011826
CHEMBL457438	Oc1cccc(c1)c2ccc(s2)c3ccccc3	6.46600008011
CHEMBL457574	Oc1ccc(cc1)c2ncc(s2)c3cccc(O)c3	6.0
CHEMBL457636	Oc1cccc(c1)c2nnc(nn2)c3cccc(O)c3	6.6970000267
CHEMBL458727	Oc1ccc(cc1)c2cnc(s2)c3cccc(O)c3	7.30100011826
CHEMBL459976	Oc1ccc(cc1)c2ccc(cc2)c3cccc(O)c3	6.32700014114
CHEMBL460182	Oc1cccc(c1)c2ccc(nc2)c3cccc(O)c3	6.99599981308
CHEMBL461027	Oc1cccc(c1)c2csc(c2)c3cccc(O)c3	6.73299980164
CHEMBL461675	Oc1ccc(cc1)c2ccsc2c3cccc(O)c3	6.0
CHEMBL461676	Oc1ccc(cc1)c2cccc(c2)c3cccc(O)c3	6.0
CHEMBL462511	Oc1cccc(c1)c2cc(cs2)c3ccccc3	5.30100011826
CHEMBL462513	Oc1ccc(cc1)c2cc(cs2)c3cccc(O)c3	6.82100009918
CHEMBL463978	CN1CCN(CC1)C(=O)Cc2csc(NS(=O)(=O)c3cccc(Cl)c3C)n2	5.23799991608
CHEMBL467151	Oc1cccc(c1)c2ccc3c(Br)c(O)ccc3c2	7.39799976349
CHEMBL469227	Oc1cccc(c1)c2ccc3c(c(O)ccc3c2)c4ccccc4	6.55100011826
CHEMBL469909	Cc1ccc(cc1)S(=O)(=O)N\N=C\2/C=C[C@H]3[C@@H]4CC=C5C[C@@H](O)CC[C@]5(C)[C@H]4CC[C@]23C	4.32800006866
CHEMBL470948	CCOc1cc(\C=N\NC(=O)N)c(Br)c(Br)c1OCC(=O)Nc2ccc(C)cc2	5.24399995804
CHEMBL488751	Oc1ccc(cc1)c2cn(nn2)c3cccc(O)c3	6.07600021362
CHEMBL488752	Oc1ccc(cc1)c2oc(nc2)c3cccc(O)c3	6.46500015259
CHEMBL499796	Oc1ccc(cc1)n2cc(nn2)c3cccc(O)c3	5.87900018692
CHEMBL502908	Oc1cccc(c1)c2ccc(cc2)c3cccc(O)c3	6.76200008392
CHEMBL503399	Oc1cccc(c1)c2nsc(n2)c3cccc(O)c3	6.77199983597
CHEMBL505161	Oc1ccc(cc1)c2cc(on2)c3cccc(O)c3	5.79300022125
CHEMBL505523	Oc1ccc(cc1)c2csc(c2)c3cccc(O)c3	7.1139998436
CHEMBL511530	Oc1cccc(c1)c2ccc(s2)c3cccc(O)c3	6.76200008392
CHEMBL512196	Oc1cccc(c1)c2csc(n2)c3cccc(O)c3	6.34200000763
CHEMBL529446	Oc1ccc(cc1)c2coc(n2)c3cccc(O)c3	5.73299980164
CHEMBL530555	COc1c2C=CC(C)(C)Oc2cc3OCC4C(Oc5c(CC=C(C)C)c(O)ccc45)c13	4.72100019455
CHEMBL566521	Oc1cccc(c1)c2ccc(s2)c3ccc(F)c(F)c3	6.10799980164
CHEMBL568939	CS(=O)(=O)NCc1cccc(c1)c2ccc(s2)c3cccc(O)c3	6.0
CHEMBL568944	Cc1ccc(cc1)S(=O)(=O)NCc2cccc(c2)c3ccc(s3)c4cccc(O)c4	6.45599985123
CHEMBL568945	Cc1cc(ccc1O)c2ccc(cc2)c3cccc(O)c3	6.76700019836
CHEMBL569862	Cc1cc(ccc1O)c2csc(c2)c3cccc(O)c3	7.1939997673
CHEMBL569885	Oc1cccc(c1)c2cc(c3ccccc3)c(s2)c4cccc(O)c4	6.30700016022
CHEMBL570102	Oc1cccc(c1)c2ccc(cc2)c3ccc(F)c(O)c3	7.29199981689
CHEMBL570110	Oc1cccc(c1)c2cc(cs2)c3ccc(O)c(F)c3	7.1939997673
CHEMBL570117	Oc1cccc(c1)c2ccc(cc2)c3ccc(O)c(F)c3	6.90999984741
CHEMBL570368	Oc1cccc(c1)c2ccc(s2)c3ccc(F)cc3	6.14400005341
CHEMBL570595	Oc1ccc(cc1)c2ccc(s2)c3ccc(F)c(O)c3	6.9470000267
CHEMBL570596	Cc1cc(ccc1O)c2ccc(s2)c3cccc(O)c3	7.33699989319
CHEMBL571054	Cc1ccc(cc1O)c2ccc(s2)c3ccc(O)cc3	5.30100011826
CHEMBL571262	Oc1cccc(c1)c2ccc(s2)c3ccc(cc3)C#N	6.0
CHEMBL571941	CS(=O)(=O)Nc1cccc(c1)c2ccc(s2)c3cccc(O)c3	6.28100013733
CHEMBL572164	Oc1cccc(c1)c2ccc(s2)c3ccc(O)c(\C=C\C(=O)Nc4ccccc4)c3	6.36999988556
CHEMBL572165	Oc1cccc(c1)c2ccc(s2)c3ccc(O)c(CCC(=O)Nc4ccccc4)c3	6.20800018311
CHEMBL572171	Cc1cc(sc1c2cccc(O)c2)c3cccc(O)c3	6.24599981308
CHEMBL572777	Oc1ccc(cc1)c2ccc(s2)c3ccc(O)c(O)c3	5.30100011826
CHEMBL573003	Oc1cccc(c1)c2ccc(s2)c3ccc(O)c(O)c3	6.39599990845
CHEMBL573458	Oc1cccc(c1)c2ccc(s2)c3ccc(O)c(c3)c4ccccc4	5.30100011826
CHEMBL573691	Oc1cc(F)cc(c1)c2ccc(s2)c3ccc(O)c(F)c3	7.53800010681
CHEMBL576318	Oc1cccc(c1)c2ccc(s2)c3cccc(F)c3	6.27199983597
CHEMBL576495	Nc1ccc(cc1)c2ccc(s2)c3cccc(O)c3	5.30100011826
CHEMBL576682	Oc1cccc(c1)c2cc(c3cccc(O)c3)c(s2)c4cccc(O)c4	6.92399978638
CHEMBL576896	Oc1ccc(cc1F)c2ccc(s2)c3ccc(F)c(O)c3	7.76999998093
CHEMBL577327	Oc1cccc(c1)c2ccc(s2)c3ccc(O)c(c3)C(F)(F)F	7.42000007629
CHEMBL577338	Oc1cccc(c1)c2ccc(s2)c3ccc(O)c(F)c3	8.09700012207
CHEMBL577925	Oc1cccc(c1)c2ccc(s2)c3cc(F)c(O)c(F)c3	7.25199985504
CHEMBL583519	Cc1cc(O)cc(c1)c2ccc(s2)c3ccc(O)cc3	6.20100021362
CHEMBL583520	Oc1ccc(cc1)c2ccc(s2)c3cc(O)cc(F)c3	7.37699985504
CHEMBL583734	CCOC(=O)\C=C\c1cc(ccc1O)c2ccc(s2)c3cccc(O)c3	6.8860001564
CHEMBL583930	Oc1cccc(c1)c2ccc(s2)c3ccc(S)cc3	5.30100011826
CHEMBL584143	Cc1cc(ccc1O)c2cnc(s2)c3cccc(O)c3	6.84499979019
CHEMBL585733	Oc1ccc(cc1)c2cc(c3cccc(O)c3)c(s2)c4cccc(O)c4	6.0
CHEMBL66279	Oc1ccc(cc1)c2cccc(c2)c3ccc(O)cc3	6.0
CHEMBL75893	C[C@]1(CCC2C(CCc3cc(O)ccc23)C1)C(O)C#CC(F)(F)F	4.18699979782
CHEMBL76061	C[C@@]1(CCC2C(CCc3cc(O)ccc23)C1)C(=O)C#C	5.5529999733
CHEMBL9352	Oc1ccc(cc1)[C@@H]2CC(=O)c3c(O)cc(O)cc3O2	5.30499982834
